17:41:42.322419 IP 10.0.0.1.12345 > 10.0.0.2.12345: UDP, length 16
17:41:42.323066 IP 10.0.0.1.12345 > 10.0.0.2.12345: UDP, length 16
17:41:42.323681 IP 10.0.0.1.12345 > 10.0.0.2.12345: UDP, length 16
17:41:42.324314 IP 10.0.0.1.12345 > 10.0.0.2.12345: UDP, length 16
17:41:42.324921 IP 10.0.0.1.12345 > 10.0.0.2.12345: UDP, length 16
17:41:42.325554 IP 10.0.0.1.12345 > 10.0.0.2.12345: UDP, length 16
17:41:42.326182 IP 10.0.0.1.12345 > 10.0.0.2.12345: UDP, length 16
17:41:42.326798 IP 10.0.0.1.12345 > 10.0.0.2.12345: UDP, length 16
17:41:42.327407 IP 10.0.0.1.12345 > 10.0.0.2.12345: UDP, length 16
17:41:42.328012 IP 10.0.0.1.12345 > 10.0.0.2.12345: UDP, length 16
17:41:42.328618 IP 10.0.0.1.12345 > 10.0.0.2.12345: UDP, length 16
17:41:42.329252 IP 10.0.0.1.12345 > 10.0.0.2.12345: UDP, length 16
17:41:42.329890 IP 10.0.0.1.12345 > 10.0.0.2.12345: UDP, length 16
17:41:42.330530 IP 10.0.0.1.12345 > 10.0.0.2.12345: UDP, length 16
17:41:42.331143 IP 10.0.0.1.12345 > 10.0.0.2.12345: UDP, length 16
17:41:42.331778 IP 10.0.0.1.12345 > 10.0.0.2.12345: UDP, length 16
17:41:42.332364 IP 10.0.0.1.12345 > 10.0.0.2.12345: UDP, length 16
17:41:42.332999 IP 10.0.0.1.12345 > 10.0.0.2.12345: UDP, length 16
17:41:42.333617 IP 10.0.0.1.12345 > 10.0.0.2.12345: UDP, length 16
17:41:42.334236 IP 10.0.0.1.12345 > 10.0.0.2.12345: UDP, length 16
17:41:42.334859 IP 10.0.0.1.12345 > 10.0.0.2.12345: UDP, length 16
17:41:42.335516 IP 10.0.0.1.12345 > 10.0.0.2.12345: UDP, length 16
17:41:42.336166 IP 10.0.0.1.12345 > 10.0.0.2.12345: UDP, length 16
17:41:42.336786 IP 10.0.0.1.12345 > 10.0.0.2.12345: UDP, length 16
17:41:42.337430 IP 10.0.0.1.12345 > 10.0.0.2.12345: UDP, length 16
17:41:42.338079 IP 10.0.0.1.12345 > 10.0.0.2.12345: UDP, length 16
17:41:42.338730 IP 10.0.0.1.12345 > 10.0.0.2.12345: UDP, length 16
17:41:42.339380 IP 10.0.0.1.12345 > 10.0.0.2.12345: UDP, length 16
17:41:42.340029 IP 10.0.0.1.12345 > 10.0.0.2.12345: UDP, length 16
17:41:42.340651 IP 10.0.0.1.12345 > 10.0.0.2.12345: UDP, length 16
17:41:42.341296 IP 10.0.0.1.12345 > 10.0.0.2.12345: UDP, length 16
17:41:42.341945 IP 10.0.0.1.12345 > 10.0.0.2.12345: UDP, length 16
17:41:42.342595 IP 10.0.0.1.12345 > 10.0.0.2.12345: UDP, length 16
17:41:42.343243 IP 10.0.0.1.12345 > 10.0.0.2.12345: UDP, length 16
17:41:42.343893 IP 10.0.0.1.12345 > 10.0.0.2.12345: UDP, length 16
17:41:42.344517 IP 10.0.0.1.12345 > 10.0.0.2.12345: UDP, length 16
17:41:42.345163 IP 10.0.0.1.12345 > 10.0.0.2.12345: UDP, length 16
17:41:42.345814 IP 10.0.0.1.12345 > 10.0.0.2.12345: UDP, length 16
17:41:42.346452 IP 10.0.0.1.12345 > 10.0.0.2.12345: UDP, length 16
17:41:42.347104 IP 10.0.0.1.12345 > 10.0.0.2.12345: UDP, length 16
17:41:42.347757 IP 10.0.0.1.12345 > 10.0.0.2.12345: UDP, length 16
17:41:42.348382 IP 10.0.0.1.12345 > 10.0.0.2.12345: UDP, length 16
17:41:42.349033 IP 10.0.0.1.12345 > 10.0.0.2.12345: UDP, length 16
17:41:42.349684 IP 10.0.0.1.12345 > 10.0.0.2.12345: UDP, length 16
17:41:42.350326 IP 10.0.0.1.12345 > 10.0.0.2.12345: UDP, length 16
17:41:42.350983 IP 10.0.0.1.12345 > 10.0.0.2.12345: UDP, length 16
17:41:42.351636 IP 10.0.0.1.12345 > 10.0.0.2.12345: UDP, length 16
17:41:42.352290 IP 10.0.0.1.12345 > 10.0.0.2.12345: UDP, length 16
17:41:42.352943 IP 10.0.0.1.12345 > 10.0.0.2.12345: UDP, length 16
17:41:42.353595 IP 10.0.0.1.12345 > 10.0.0.2.12345: UDP, length 16
17:41:42.354247 IP 10.0.0.1.12345 > 10.0.0.2.12345: UDP, length 16
17:41:42.354898 IP 10.0.0.1.12345 > 10.0.0.2.12345: UDP, length 16
17:41:42.355550 IP 10.0.0.1.12345 > 10.0.0.2.12345: UDP, length 16
17:41:42.356201 IP 10.0.0.1.12345 > 10.0.0.2.12345: UDP, length 16
17:41:42.356898 IP 10.0.0.1.12345 > 10.0.0.2.12345: UDP, length 16
17:41:42.357548 IP 10.0.0.1.12345 > 10.0.0.2.12345: UDP, length 16
17:41:42.358200 IP 10.0.0.1.12345 > 10.0.0.2.12345: UDP, length 16
17:41:42.358852 IP 10.0.0.1.12345 > 10.0.0.2.12345: UDP, length 16
17:41:42.359503 IP 10.0.0.1.12345 > 10.0.0.2.12345: UDP, length 16
17:41:42.360141 IP 10.0.0.1.12345 > 10.0.0.2.12345: UDP, length 16
17:41:42.360753 IP 10.0.0.1.12345 > 10.0.0.2.12345: UDP, length 16
17:41:42.361371 IP 10.0.0.1.12345 > 10.0.0.2.12345: UDP, length 16
17:41:42.361957 IP 10.0.0.1.12345 > 10.0.0.2.12345: UDP, length 16
17:41:42.362566 IP 10.0.0.1.12345 > 10.0.0.2.12345: UDP, length 16
17:41:42.363155 IP 10.0.0.1.12345 > 10.0.0.2.12345: UDP, length 16
17:41:42.363769 IP 10.0.0.1.12345 > 10.0.0.2.12345: UDP, length 16
17:41:42.364353 IP 10.0.0.1.12345 > 10.0.0.2.12345: UDP, length 16
17:41:42.364963 IP 10.0.0.1.12345 > 10.0.0.2.12345: UDP, length 16
17:41:42.365580 IP 10.0.0.1.12345 > 10.0.0.2.12345: UDP, length 16
17:41:42.366198 IP 10.0.0.1.12345 > 10.0.0.2.12345: UDP, length 16
17:41:42.366833 IP 10.0.0.1.12345 > 10.0.0.2.12345: UDP, length 16
17:41:42.367448 IP 10.0.0.1.12345 > 10.0.0.2.12345: UDP, length 16
17:41:42.368044 IP 10.0.0.1.12345 > 10.0.0.2.12345: UDP, length 16
17:41:42.368633 IP 10.0.0.1.12345 > 10.0.0.2.12345: UDP, length 16
17:41:42.369219 IP 10.0.0.1.12345 > 10.0.0.2.12345: UDP, length 16
17:41:42.369800 IP 10.0.0.1.12345 > 10.0.0.2.12345: UDP, length 16
17:41:42.370383 IP 10.0.0.1.12345 > 10.0.0.2.12345: UDP, length 16
17:41:42.370963 IP 10.0.0.1.12345 > 10.0.0.2.12345: UDP, length 16
17:41:42.371542 IP 10.0.0.1.12345 > 10.0.0.2.12345: UDP, length 16
17:41:42.372122 IP 10.0.0.1.12345 > 10.0.0.2.12345: UDP, length 16
17:41:42.372717 IP 10.0.0.1.12345 > 10.0.0.2.12345: UDP, length 16
17:41:42.373346 IP 10.0.0.1.12345 > 10.0.0.2.12345: UDP, length 16
17:41:42.373981 IP 10.0.0.1.12345 > 10.0.0.2.12345: UDP, length 16
17:41:42.374616 IP 10.0.0.1.12345 > 10.0.0.2.12345: UDP, length 16
17:41:42.375252 IP 10.0.0.1.12345 > 10.0.0.2.12345: UDP, length 16
17:41:42.375886 IP 10.0.0.1.12345 > 10.0.0.2.12345: UDP, length 16
17:41:42.376476 IP 10.0.0.1.12345 > 10.0.0.2.12345: UDP, length 16
17:41:42.377070 IP 10.0.0.1.12345 > 10.0.0.2.12345: UDP, length 16
17:41:42.377663 IP 10.0.0.1.12345 > 10.0.0.2.12345: UDP, length 16
17:41:42.378254 IP 10.0.0.1.12345 > 10.0.0.2.12345: UDP, length 16
17:41:42.378856 IP 10.0.0.1.12345 > 10.0.0.2.12345: UDP, length 16
17:41:42.379479 IP 10.0.0.1.12345 > 10.0.0.2.12345: UDP, length 16
17:41:42.380101 IP 10.0.0.1.12345 > 10.0.0.2.12345: UDP, length 16
17:41:42.380685 IP 10.0.0.1.12345 > 10.0.0.2.12345: UDP, length 16
17:41:42.381295 IP 10.0.0.1.12345 > 10.0.0.2.12345: UDP, length 16
17:41:42.381907 IP 10.0.0.1.12345 > 10.0.0.2.12345: UDP, length 16
17:41:42.382504 IP 10.0.0.1.12345 > 10.0.0.2.12345: UDP, length 16
17:41:42.383101 IP 10.0.0.1.12345 > 10.0.0.2.12345: UDP, length 16
17:41:42.383694 IP 10.0.0.1.12345 > 10.0.0.2.12345: UDP, length 16
17:41:42.384910 IP 10.0.0.1.12345 > 10.0.0.2.12345: UDP, length 16
17:41:42.385481 IP 10.0.0.1.12345 > 10.0.0.2.12345: UDP, length 16
17:41:42.386059 IP 10.0.0.1.12345 > 10.0.0.2.12345: UDP, length 16
17:41:42.386647 IP 10.0.0.1.12345 > 10.0.0.2.12345: UDP, length 16
17:41:42.387224 IP 10.0.0.1.12345 > 10.0.0.2.12345: UDP, length 16
17:41:42.387802 IP 10.0.0.1.12345 > 10.0.0.2.12345: UDP, length 16
17:41:42.388364 IP 10.0.0.1.12345 > 10.0.0.2.12345: UDP, length 16
17:41:42.388955 IP 10.0.0.1.12345 > 10.0.0.2.12345: UDP, length 16
17:41:42.389532 IP 10.0.0.1.12345 > 10.0.0.2.12345: UDP, length 16
17:41:42.390127 IP 10.0.0.1.12345 > 10.0.0.2.12345: UDP, length 16
17:41:42.390723 IP 10.0.0.1.12345 > 10.0.0.2.12345: UDP, length 16
17:41:42.391307 IP 10.0.0.1.12345 > 10.0.0.2.12345: UDP, length 16
17:41:42.391933 IP 10.0.0.1.12345 > 10.0.0.2.12345: UDP, length 16
17:41:42.392532 IP 10.0.0.1.12345 > 10.0.0.2.12345: UDP, length 16
17:41:42.393142 IP 10.0.0.1.12345 > 10.0.0.2.12345: UDP, length 16
17:41:42.393755 IP 10.0.0.1.12345 > 10.0.0.2.12345: UDP, length 16
17:41:42.394368 IP 10.0.0.1.12345 > 10.0.0.2.12345: UDP, length 16
17:41:42.394981 IP 10.0.0.1.12345 > 10.0.0.2.12345: UDP, length 16
17:41:42.395590 IP 10.0.0.1.12345 > 10.0.0.2.12345: UDP, length 16
17:41:42.396204 IP 10.0.0.1.12345 > 10.0.0.2.12345: UDP, length 16
17:41:42.396819 IP 10.0.0.1.12345 > 10.0.0.2.12345: UDP, length 16
17:41:42.397432 IP 10.0.0.1.12345 > 10.0.0.2.12345: UDP, length 16
17:41:42.398052 IP 10.0.0.1.12345 > 10.0.0.2.12345: UDP, length 16
17:41:42.398664 IP 10.0.0.1.12345 > 10.0.0.2.12345: UDP, length 16
17:41:42.399276 IP 10.0.0.1.12345 > 10.0.0.2.12345: UDP, length 16
17:41:42.399889 IP 10.0.0.1.12345 > 10.0.0.2.12345: UDP, length 16
17:41:42.400502 IP 10.0.0.1.12345 > 10.0.0.2.12345: UDP, length 16
17:41:42.401122 IP 10.0.0.1.12345 > 10.0.0.2.12345: UDP, length 16
17:41:42.401743 IP 10.0.0.1.12345 > 10.0.0.2.12345: UDP, length 16
17:41:42.402367 IP 10.0.0.1.12345 > 10.0.0.2.12345: UDP, length 16
17:41:42.402989 IP 10.0.0.1.12345 > 10.0.0.2.12345: UDP, length 16
17:41:42.403612 IP 10.0.0.1.12345 > 10.0.0.2.12345: UDP, length 16
17:41:42.404260 IP 10.0.0.1.12345 > 10.0.0.2.12345: UDP, length 16
17:41:42.404883 IP 10.0.0.1.12345 > 10.0.0.2.12345: UDP, length 16
17:41:42.405506 IP 10.0.0.1.12345 > 10.0.0.2.12345: UDP, length 16
17:41:42.406128 IP 10.0.0.1.12345 > 10.0.0.2.12345: UDP, length 16
17:41:42.406752 IP 10.0.0.1.12345 > 10.0.0.2.12345: UDP, length 16
17:41:42.407374 IP 10.0.0.1.12345 > 10.0.0.2.12345: UDP, length 16
17:41:42.407997 IP 10.0.0.1.12345 > 10.0.0.2.12345: UDP, length 16
17:41:42.408622 IP 10.0.0.1.12345 > 10.0.0.2.12345: UDP, length 16
17:41:42.409244 IP 10.0.0.1.12345 > 10.0.0.2.12345: UDP, length 16
17:41:42.409868 IP 10.0.0.1.12345 > 10.0.0.2.12345: UDP, length 16
17:41:42.410490 IP 10.0.0.1.12345 > 10.0.0.2.12345: UDP, length 16
17:41:42.411113 IP 10.0.0.1.12345 > 10.0.0.2.12345: UDP, length 16
17:41:42.411738 IP 10.0.0.1.12345 > 10.0.0.2.12345: UDP, length 16
17:41:42.412372 IP 10.0.0.1.12345 > 10.0.0.2.12345: UDP, length 16
17:41:42.412999 IP 10.0.0.1.12345 > 10.0.0.2.12345: UDP, length 16
17:41:42.413623 IP 10.0.0.1.12345 > 10.0.0.2.12345: UDP, length 16
17:41:42.414249 IP 10.0.0.1.12345 > 10.0.0.2.12345: UDP, length 16
17:41:42.414880 IP 10.0.0.1.12345 > 10.0.0.2.12345: UDP, length 16
17:41:42.415511 IP 10.0.0.1.12345 > 10.0.0.2.12345: UDP, length 16
17:41:42.416142 IP 10.0.0.1.12345 > 10.0.0.2.12345: UDP, length 16
17:41:42.416774 IP 10.0.0.1.12345 > 10.0.0.2.12345: UDP, length 16
17:41:42.417407 IP 10.0.0.1.12345 > 10.0.0.2.12345: UDP, length 16
17:41:42.418039 IP 10.0.0.1.12345 > 10.0.0.2.12345: UDP, length 16
17:41:42.418669 IP 10.0.0.1.12345 > 10.0.0.2.12345: UDP, length 16
17:41:42.419302 IP 10.0.0.1.12345 > 10.0.0.2.12345: UDP, length 16
17:41:42.419934 IP 10.0.0.1.12345 > 10.0.0.2.12345: UDP, length 16
17:41:42.420567 IP 10.0.0.1.12345 > 10.0.0.2.12345: UDP, length 16
17:41:42.421199 IP 10.0.0.1.12345 > 10.0.0.2.12345: UDP, length 16
17:41:42.421832 IP 10.0.0.1.12345 > 10.0.0.2.12345: UDP, length 16
17:41:42.422465 IP 10.0.0.1.12345 > 10.0.0.2.12345: UDP, length 16
17:41:42.423098 IP 10.0.0.1.12345 > 10.0.0.2.12345: UDP, length 16
17:41:42.423730 IP 10.0.0.1.12345 > 10.0.0.2.12345: UDP, length 16
17:41:42.424332 IP 10.0.0.1.12345 > 10.0.0.2.12345: UDP, length 16
17:41:42.424954 IP 10.0.0.1.12345 > 10.0.0.2.12345: UDP, length 16
17:41:42.425586 IP 10.0.0.1.12345 > 10.0.0.2.12345: UDP, length 16
17:41:42.426203 IP 10.0.0.1.12345 > 10.0.0.2.12345: UDP, length 16
17:41:42.426816 IP 10.0.0.1.12345 > 10.0.0.2.12345: UDP, length 16
17:41:42.427429 IP 10.0.0.1.12345 > 10.0.0.2.12345: UDP, length 16
17:41:42.428042 IP 10.0.0.1.12345 > 10.0.0.2.12345: UDP, length 16
17:41:42.428654 IP 10.0.0.1.12345 > 10.0.0.2.12345: UDP, length 16
17:41:42.429267 IP 10.0.0.1.12345 > 10.0.0.2.12345: UDP, length 16
17:41:42.429879 IP 10.0.0.1.12345 > 10.0.0.2.12345: UDP, length 16
17:41:42.430492 IP 10.0.0.1.12345 > 10.0.0.2.12345: UDP, length 16
17:41:42.431105 IP 10.0.0.1.12345 > 10.0.0.2.12345: UDP, length 16
17:41:42.431717 IP 10.0.0.1.12345 > 10.0.0.2.12345: UDP, length 16
17:41:42.432323 IP 10.0.0.1.12345 > 10.0.0.2.12345: UDP, length 16
17:41:42.432937 IP 10.0.0.1.12345 > 10.0.0.2.12345: UDP, length 16
17:41:42.433549 IP 10.0.0.1.12345 > 10.0.0.2.12345: UDP, length 16
17:41:42.434162 IP 10.0.0.1.12345 > 10.0.0.2.12345: UDP, length 16
17:41:42.434774 IP 10.0.0.1.12345 > 10.0.0.2.12345: UDP, length 16
17:41:42.435387 IP 10.0.0.1.12345 > 10.0.0.2.12345: UDP, length 16
17:41:42.436000 IP 10.0.0.1.12345 > 10.0.0.2.12345: UDP, length 16
17:41:42.436613 IP 10.0.0.1.12345 > 10.0.0.2.12345: UDP, length 16
17:41:42.437226 IP 10.0.0.1.12345 > 10.0.0.2.12345: UDP, length 16
17:41:42.437838 IP 10.0.0.1.12345 > 10.0.0.2.12345: UDP, length 16
17:41:42.438451 IP 10.0.0.1.12345 > 10.0.0.2.12345: UDP, length 16
17:41:42.439060 IP 10.0.0.1.12345 > 10.0.0.2.12345: UDP, length 16
17:41:42.439672 IP 10.0.0.1.12345 > 10.0.0.2.12345: UDP, length 16
17:41:42.440277 IP 10.0.0.1.12345 > 10.0.0.2.12345: UDP, length 16
17:41:42.440895 IP 10.0.0.1.12345 > 10.0.0.2.12345: UDP, length 16
17:41:42.441508 IP 10.0.0.1.12345 > 10.0.0.2.12345: UDP, length 16
17:41:42.442121 IP 10.0.0.1.12345 > 10.0.0.2.12345: UDP, length 16
17:41:42.442733 IP 10.0.0.1.12345 > 10.0.0.2.12345: UDP, length 16
17:41:42.443332 IP 10.0.0.1.12345 > 10.0.0.2.12345: UDP, length 16
17:41:42.443946 IP 10.0.0.1.12345 > 10.0.0.2.12345: UDP, length 16
17:41:42.444559 IP 10.0.0.1.12345 > 10.0.0.2.12345: UDP, length 16
17:41:42.445171 IP 10.0.0.1.12345 > 10.0.0.2.12345: UDP, length 16
17:41:42.445784 IP 10.0.0.1.12345 > 10.0.0.2.12345: UDP, length 16
17:41:42.446396 IP 10.0.0.1.12345 > 10.0.0.2.12345: UDP, length 16
17:41:42.447010 IP 10.0.0.1.12345 > 10.0.0.2.12345: UDP, length 16
17:41:42.447622 IP 10.0.0.1.12345 > 10.0.0.2.12345: UDP, length 16
17:41:42.448239 IP 10.0.0.1.12345 > 10.0.0.2.12345: UDP, length 16
17:41:42.448854 IP 10.0.0.1.12345 > 10.0.0.2.12345: UDP, length 16
17:41:42.449464 IP 10.0.0.1.12345 > 10.0.0.2.12345: UDP, length 16
17:41:42.450077 IP 10.0.0.1.12345 > 10.0.0.2.12345: UDP, length 16
17:41:42.450689 IP 10.0.0.1.12345 > 10.0.0.2.12345: UDP, length 16
17:41:42.451301 IP 10.0.0.1.12345 > 10.0.0.2.12345: UDP, length 16
17:41:42.451914 IP 10.0.0.1.12345 > 10.0.0.2.12345: UDP, length 16
17:41:42.452527 IP 10.0.0.1.12345 > 10.0.0.2.12345: UDP, length 16
17:41:42.453141 IP 10.0.0.1.12345 > 10.0.0.2.12345: UDP, length 16
17:41:42.453755 IP 10.0.0.1.12345 > 10.0.0.2.12345: UDP, length 16
17:41:42.454367 IP 10.0.0.1.12345 > 10.0.0.2.12345: UDP, length 16
17:41:42.454983 IP 10.0.0.1.12345 > 10.0.0.2.12345: UDP, length 16
17:41:42.455595 IP 10.0.0.1.12345 > 10.0.0.2.12345: UDP, length 16
17:41:42.456249 IP 10.0.0.1.12345 > 10.0.0.2.12345: UDP, length 16
17:41:42.456880 IP 10.0.0.1.12345 > 10.0.0.2.12345: UDP, length 16
17:41:42.457511 IP 10.0.0.1.12345 > 10.0.0.2.12345: UDP, length 16
17:41:42.458144 IP 10.0.0.1.12345 > 10.0.0.2.12345: UDP, length 16
17:41:42.458775 IP 10.0.0.1.12345 > 10.0.0.2.12345: UDP, length 16
17:41:42.459393 IP 10.0.0.1.12345 > 10.0.0.2.12345: UDP, length 16
17:41:42.460025 IP 10.0.0.1.12345 > 10.0.0.2.12345: UDP, length 16
17:41:42.460658 IP 10.0.0.1.12345 > 10.0.0.2.12345: UDP, length 16
17:41:42.461289 IP 10.0.0.1.12345 > 10.0.0.2.12345: UDP, length 16
17:41:42.461920 IP 10.0.0.1.12345 > 10.0.0.2.12345: UDP, length 16
17:41:42.462552 IP 10.0.0.1.12345 > 10.0.0.2.12345: UDP, length 16
17:41:42.463183 IP 10.0.0.1.12345 > 10.0.0.2.12345: UDP, length 16
17:41:42.463815 IP 10.0.0.1.12345 > 10.0.0.2.12345: UDP, length 16
17:41:42.464469 IP 10.0.0.1.12345 > 10.0.0.2.12345: UDP, length 16
17:41:42.465104 IP 10.0.0.1.12345 > 10.0.0.2.12345: UDP, length 16
17:41:42.465739 IP 10.0.0.1.12345 > 10.0.0.2.12345: UDP, length 16
17:41:42.466375 IP 10.0.0.1.12345 > 10.0.0.2.12345: UDP, length 16
17:41:42.467012 IP 10.0.0.1.12345 > 10.0.0.2.12345: UDP, length 16
17:41:42.467647 IP 10.0.0.1.12345 > 10.0.0.2.12345: UDP, length 16
17:41:42.468286 IP 10.0.0.1.12345 > 10.0.0.2.12345: UDP, length 16
17:41:42.468921 IP 10.0.0.1.12345 > 10.0.0.2.12345: UDP, length 16
17:41:42.469556 IP 10.0.0.1.12345 > 10.0.0.2.12345: UDP, length 16
17:41:42.470191 IP 10.0.0.1.12345 > 10.0.0.2.12345: UDP, length 16
17:41:42.470827 IP 10.0.0.1.12345 > 10.0.0.2.12345: UDP, length 16
17:41:42.471463 IP 10.0.0.1.12345 > 10.0.0.2.12345: UDP, length 16
17:41:42.472099 IP 10.0.0.1.12345 > 10.0.0.2.12345: UDP, length 16
17:41:42.472736 IP 10.0.0.1.12345 > 10.0.0.2.12345: UDP, length 16
17:41:42.473371 IP 10.0.0.1.12345 > 10.0.0.2.12345: UDP, length 16
17:41:42.474008 IP 10.0.0.1.12345 > 10.0.0.2.12345: UDP, length 16
17:41:42.474647 IP 10.0.0.1.12345 > 10.0.0.2.12345: UDP, length 16
17:41:42.475291 IP 10.0.0.1.12345 > 10.0.0.2.12345: UDP, length 16
17:41:42.475927 IP 10.0.0.1.12345 > 10.0.0.2.12345: UDP, length 16
17:41:42.476549 IP 10.0.0.1.12345 > 10.0.0.2.12345: UDP, length 16
17:41:42.477184 IP 10.0.0.1.12345 > 10.0.0.2.12345: UDP, length 16
17:41:42.477820 IP 10.0.0.1.12345 > 10.0.0.2.12345: UDP, length 16
17:41:42.478456 IP 10.0.0.1.12345 > 10.0.0.2.12345: UDP, length 16
17:41:42.479091 IP 10.0.0.1.12345 > 10.0.0.2.12345: UDP, length 16
17:41:42.479728 IP 10.0.0.1.12345 > 10.0.0.2.12345: UDP, length 16
17:41:42.480365 IP 10.0.0.1.12345 > 10.0.0.2.12345: UDP, length 16
17:41:42.481000 IP 10.0.0.1.12345 > 10.0.0.2.12345: UDP, length 16
17:41:42.481636 IP 10.0.0.1.12345 > 10.0.0.2.12345: UDP, length 16
17:41:42.482272 IP 10.0.0.1.12345 > 10.0.0.2.12345: UDP, length 16
17:41:42.482882 IP 10.0.0.1.12345 > 10.0.0.2.12345: UDP, length 16
17:41:42.483502 IP 10.0.0.1.12345 > 10.0.0.2.12345: UDP, length 16
17:41:42.484122 IP 10.0.0.1.12345 > 10.0.0.2.12345: UDP, length 16
17:41:42.484732 IP 10.0.0.1.12345 > 10.0.0.2.12345: UDP, length 16
17:41:42.485314 IP 10.0.0.1.12345 > 10.0.0.2.12345: UDP, length 16
17:41:42.485888 IP 10.0.0.1.12345 > 10.0.0.2.12345: UDP, length 16
17:41:42.486481 IP 10.0.0.1.12345 > 10.0.0.2.12345: UDP, length 16
17:41:42.487077 IP 10.0.0.1.12345 > 10.0.0.2.12345: UDP, length 16
17:41:42.487667 IP 10.0.0.1.12345 > 10.0.0.2.12345: UDP, length 16
17:41:42.488276 IP 10.0.0.1.12345 > 10.0.0.2.12345: UDP, length 16
17:41:42.488871 IP 10.0.0.1.12345 > 10.0.0.2.12345: UDP, length 16
17:41:42.489448 IP 10.0.0.1.12345 > 10.0.0.2.12345: UDP, length 16
17:41:42.490020 IP 10.0.0.1.12345 > 10.0.0.2.12345: UDP, length 16
17:41:42.490592 IP 10.0.0.1.12345 > 10.0.0.2.12345: UDP, length 16
17:41:42.491164 IP 10.0.0.1.12345 > 10.0.0.2.12345: UDP, length 16
17:41:42.491735 IP 10.0.0.1.12345 > 10.0.0.2.12345: UDP, length 16
17:41:42.492336 IP 10.0.0.1.12345 > 10.0.0.2.12345: UDP, length 16
17:41:42.492892 IP 10.0.0.1.12345 > 10.0.0.2.12345: UDP, length 16
17:41:42.493537 IP 10.0.0.1.12345 > 10.0.0.2.12345: UDP, length 16
17:41:42.494164 IP 10.0.0.1.12345 > 10.0.0.2.12345: UDP, length 16
17:41:42.494778 IP 10.0.0.1.12345 > 10.0.0.2.12345: UDP, length 16
17:41:42.495404 IP 10.0.0.1.12345 > 10.0.0.2.12345: UDP, length 16
17:41:42.496002 IP 10.0.0.1.12345 > 10.0.0.2.12345: UDP, length 16
17:41:42.496641 IP 10.0.0.1.12345 > 10.0.0.2.12345: UDP, length 16
17:41:42.497251 IP 10.0.0.1.12345 > 10.0.0.2.12345: UDP, length 16
17:41:42.497850 IP 10.0.0.1.12345 > 10.0.0.2.12345: UDP, length 16
17:41:42.498448 IP 10.0.0.1.12345 > 10.0.0.2.12345: UDP, length 16
17:41:42.499043 IP 10.0.0.1.12345 > 10.0.0.2.12345: UDP, length 16
17:41:42.499635 IP 10.0.0.1.12345 > 10.0.0.2.12345: UDP, length 16
17:41:42.500235 IP 10.0.0.1.12345 > 10.0.0.2.12345: UDP, length 16
17:41:42.500823 IP 10.0.0.1.12345 > 10.0.0.2.12345: UDP, length 16
17:41:42.501411 IP 10.0.0.1.12345 > 10.0.0.2.12345: UDP, length 16
17:41:42.501998 IP 10.0.0.1.12345 > 10.0.0.2.12345: UDP, length 16
17:41:42.502603 IP 10.0.0.1.12345 > 10.0.0.2.12345: UDP, length 16
17:41:42.503214 IP 10.0.0.1.12345 > 10.0.0.2.12345: UDP, length 16
17:41:42.503827 IP 10.0.0.1.12345 > 10.0.0.2.12345: UDP, length 16
17:41:42.504441 IP 10.0.0.1.12345 > 10.0.0.2.12345: UDP, length 16
17:41:42.505056 IP 10.0.0.1.12345 > 10.0.0.2.12345: UDP, length 16
17:41:42.505670 IP 10.0.0.1.12345 > 10.0.0.2.12345: UDP, length 16
17:41:42.506272 IP 10.0.0.1.12345 > 10.0.0.2.12345: UDP, length 16
17:41:42.506858 IP 10.0.0.1.12345 > 10.0.0.2.12345: UDP, length 16
17:41:42.507441 IP 10.0.0.1.12345 > 10.0.0.2.12345: UDP, length 16
17:41:42.508024 IP 10.0.0.1.12345 > 10.0.0.2.12345: UDP, length 16
17:41:42.508616 IP 10.0.0.1.12345 > 10.0.0.2.12345: UDP, length 16
17:41:42.509209 IP 10.0.0.1.12345 > 10.0.0.2.12345: UDP, length 16
17:41:42.509801 IP 10.0.0.1.12345 > 10.0.0.2.12345: UDP, length 16
17:41:42.510410 IP 10.0.0.1.12345 > 10.0.0.2.12345: UDP, length 16
17:41:42.511021 IP 10.0.0.1.12345 > 10.0.0.2.12345: UDP, length 16
17:41:42.511633 IP 10.0.0.1.12345 > 10.0.0.2.12345: UDP, length 16
17:41:42.512248 IP 10.0.0.1.12345 > 10.0.0.2.12345: UDP, length 16
17:41:42.512860 IP 10.0.0.1.12345 > 10.0.0.2.12345: UDP, length 16
17:41:42.513471 IP 10.0.0.1.12345 > 10.0.0.2.12345: UDP, length 16
17:41:42.514085 IP 10.0.0.1.12345 > 10.0.0.2.12345: UDP, length 16
17:41:42.514696 IP 10.0.0.1.12345 > 10.0.0.2.12345: UDP, length 16
17:41:42.515308 IP 10.0.0.1.12345 > 10.0.0.2.12345: UDP, length 16
17:41:42.515919 IP 10.0.0.1.12345 > 10.0.0.2.12345: UDP, length 16
17:41:42.516518 IP 10.0.0.1.12345 > 10.0.0.2.12345: UDP, length 16
17:41:42.517127 IP 10.0.0.1.12345 > 10.0.0.2.12345: UDP, length 16
17:41:42.517739 IP 10.0.0.1.12345 > 10.0.0.2.12345: UDP, length 16
17:41:42.518351 IP 10.0.0.1.12345 > 10.0.0.2.12345: UDP, length 16
17:41:42.518963 IP 10.0.0.1.12345 > 10.0.0.2.12345: UDP, length 16
17:41:42.519575 IP 10.0.0.1.12345 > 10.0.0.2.12345: UDP, length 16
17:41:42.520187 IP 10.0.0.1.12345 > 10.0.0.2.12345: UDP, length 16
17:41:42.520799 IP 10.0.0.1.12345 > 10.0.0.2.12345: UDP, length 16
17:41:42.521410 IP 10.0.0.1.12345 > 10.0.0.2.12345: UDP, length 16
17:41:42.522022 IP 10.0.0.1.12345 > 10.0.0.2.12345: UDP, length 16
17:41:42.522634 IP 10.0.0.1.12345 > 10.0.0.2.12345: UDP, length 16
17:41:42.523245 IP 10.0.0.1.12345 > 10.0.0.2.12345: UDP, length 16
17:41:42.523857 IP 10.0.0.1.12345 > 10.0.0.2.12345: UDP, length 16
17:41:42.524455 IP 10.0.0.1.12345 > 10.0.0.2.12345: UDP, length 16
17:41:42.525065 IP 10.0.0.1.12345 > 10.0.0.2.12345: UDP, length 16
17:41:42.525678 IP 10.0.0.1.12345 > 10.0.0.2.12345: UDP, length 16
17:41:42.526290 IP 10.0.0.1.12345 > 10.0.0.2.12345: UDP, length 16
17:41:42.526909 IP 10.0.0.1.12345 > 10.0.0.2.12345: UDP, length 16
17:41:42.527521 IP 10.0.0.1.12345 > 10.0.0.2.12345: UDP, length 16
17:41:42.528138 IP 10.0.0.1.12345 > 10.0.0.2.12345: UDP, length 16
17:41:42.528751 IP 10.0.0.1.12345 > 10.0.0.2.12345: UDP, length 16
17:41:42.529364 IP 10.0.0.1.12345 > 10.0.0.2.12345: UDP, length 16
17:41:42.529977 IP 10.0.0.1.12345 > 10.0.0.2.12345: UDP, length 16
17:41:42.530589 IP 10.0.0.1.12345 > 10.0.0.2.12345: UDP, length 16
17:41:42.531168 IP 10.0.0.1.12345 > 10.0.0.2.12345: UDP, length 16
17:41:42.531780 IP 10.0.0.1.12345 > 10.0.0.2.12345: UDP, length 16
17:41:42.532388 IP 10.0.0.1.12345 > 10.0.0.2.12345: UDP, length 16
17:41:42.532986 IP 10.0.0.1.12345 > 10.0.0.2.12345: UDP, length 16
17:41:42.533558 IP 10.0.0.1.12345 > 10.0.0.2.12345: UDP, length 16
17:41:42.534156 IP 10.0.0.1.12345 > 10.0.0.2.12345: UDP, length 16
17:41:42.534750 IP 10.0.0.1.12345 > 10.0.0.2.12345: UDP, length 16
17:41:42.535343 IP 10.0.0.1.12345 > 10.0.0.2.12345: UDP, length 16
17:41:42.535952 IP 10.0.0.1.12345 > 10.0.0.2.12345: UDP, length 16
17:41:42.536566 IP 10.0.0.1.12345 > 10.0.0.2.12345: UDP, length 16
17:41:42.537167 IP 10.0.0.1.12345 > 10.0.0.2.12345: UDP, length 16
17:41:42.537777 IP 10.0.0.1.12345 > 10.0.0.2.12345: UDP, length 16
17:41:42.538389 IP 10.0.0.1.12345 > 10.0.0.2.12345: UDP, length 16
17:41:42.539002 IP 10.0.0.1.12345 > 10.0.0.2.12345: UDP, length 16
17:41:42.539615 IP 10.0.0.1.12345 > 10.0.0.2.12345: UDP, length 16
17:41:42.540245 IP 10.0.0.1.12345 > 10.0.0.2.12345: UDP, length 16
17:41:42.540850 IP 10.0.0.1.12345 > 10.0.0.2.12345: UDP, length 16
17:41:42.541467 IP 10.0.0.1.12345 > 10.0.0.2.12345: UDP, length 16
17:41:42.542079 IP 10.0.0.1.12345 > 10.0.0.2.12345: UDP, length 16
17:41:42.542691 IP 10.0.0.1.12345 > 10.0.0.2.12345: UDP, length 16
17:41:42.543303 IP 10.0.0.1.12345 > 10.0.0.2.12345: UDP, length 16
17:41:42.543915 IP 10.0.0.1.12345 > 10.0.0.2.12345: UDP, length 16
17:41:42.544529 IP 10.0.0.1.12345 > 10.0.0.2.12345: UDP, length 16
17:41:42.545141 IP 10.0.0.1.12345 > 10.0.0.2.12345: UDP, length 16
17:41:42.545762 IP 10.0.0.1.12345 > 10.0.0.2.12345: UDP, length 16
17:41:42.546391 IP 10.0.0.1.12345 > 10.0.0.2.12345: UDP, length 16
17:41:42.547019 IP 10.0.0.1.12345 > 10.0.0.2.12345: UDP, length 16
17:41:42.547650 IP 10.0.0.1.12345 > 10.0.0.2.12345: UDP, length 16
17:41:42.548280 IP 10.0.0.1.12345 > 10.0.0.2.12345: UDP, length 16
17:41:42.548910 IP 10.0.0.1.12345 > 10.0.0.2.12345: UDP, length 16
17:41:42.549538 IP 10.0.0.1.12345 > 10.0.0.2.12345: UDP, length 16
17:41:42.550169 IP 10.0.0.1.12345 > 10.0.0.2.12345: UDP, length 16
17:41:42.550797 IP 10.0.0.1.12345 > 10.0.0.2.12345: UDP, length 16
17:41:42.551426 IP 10.0.0.1.12345 > 10.0.0.2.12345: UDP, length 16
17:41:42.552054 IP 10.0.0.1.12345 > 10.0.0.2.12345: UDP, length 16
17:41:42.552683 IP 10.0.0.1.12345 > 10.0.0.2.12345: UDP, length 16
17:41:42.553311 IP 10.0.0.1.12345 > 10.0.0.2.12345: UDP, length 16
17:41:42.553939 IP 10.0.0.1.12345 > 10.0.0.2.12345: UDP, length 16
17:41:42.554567 IP 10.0.0.1.12345 > 10.0.0.2.12345: UDP, length 16
17:41:42.555196 IP 10.0.0.1.12345 > 10.0.0.2.12345: UDP, length 16
17:41:42.555825 IP 10.0.0.1.12345 > 10.0.0.2.12345: UDP, length 16
17:41:42.556456 IP 10.0.0.1.12345 > 10.0.0.2.12345: UDP, length 16
17:41:42.557084 IP 10.0.0.1.12345 > 10.0.0.2.12345: UDP, length 16
17:41:42.557712 IP 10.0.0.1.12345 > 10.0.0.2.12345: UDP, length 16
17:41:42.558341 IP 10.0.0.1.12345 > 10.0.0.2.12345: UDP, length 16
17:41:42.558969 IP 10.0.0.1.12345 > 10.0.0.2.12345: UDP, length 16
17:41:42.559598 IP 10.0.0.1.12345 > 10.0.0.2.12345: UDP, length 16
17:41:42.560253 IP 10.0.0.1.12345 > 10.0.0.2.12345: UDP, length 16
17:41:42.560884 IP 10.0.0.1.12345 > 10.0.0.2.12345: UDP, length 16
17:41:42.561512 IP 10.0.0.1.12345 > 10.0.0.2.12345: UDP, length 16
17:41:42.562143 IP 10.0.0.1.12345 > 10.0.0.2.12345: UDP, length 16
17:41:42.562775 IP 10.0.0.1.12345 > 10.0.0.2.12345: UDP, length 16
17:41:42.563408 IP 10.0.0.1.12345 > 10.0.0.2.12345: UDP, length 16
17:41:42.564039 IP 10.0.0.1.12345 > 10.0.0.2.12345: UDP, length 16
17:41:42.564672 IP 10.0.0.1.12345 > 10.0.0.2.12345: UDP, length 16
17:41:42.565304 IP 10.0.0.1.12345 > 10.0.0.2.12345: UDP, length 16
17:41:42.565937 IP 10.0.0.1.12345 > 10.0.0.2.12345: UDP, length 16
17:41:42.566570 IP 10.0.0.1.12345 > 10.0.0.2.12345: UDP, length 16
17:41:42.567197 IP 10.0.0.1.12345 > 10.0.0.2.12345: UDP, length 16
17:41:42.567836 IP 10.0.0.1.12345 > 10.0.0.2.12345: UDP, length 16
17:41:42.568468 IP 10.0.0.1.12345 > 10.0.0.2.12345: UDP, length 16
17:41:42.569100 IP 10.0.0.1.12345 > 10.0.0.2.12345: UDP, length 16
17:41:42.569732 IP 10.0.0.1.12345 > 10.0.0.2.12345: UDP, length 16
17:41:42.570364 IP 10.0.0.1.12345 > 10.0.0.2.12345: UDP, length 16
17:41:42.570995 IP 10.0.0.1.12345 > 10.0.0.2.12345: UDP, length 16
17:41:42.571628 IP 10.0.0.1.12345 > 10.0.0.2.12345: UDP, length 16
17:41:42.572263 IP 10.0.0.1.12345 > 10.0.0.2.12345: UDP, length 16
17:41:42.572895 IP 10.0.0.1.12345 > 10.0.0.2.12345: UDP, length 16
17:41:42.573528 IP 10.0.0.1.12345 > 10.0.0.2.12345: UDP, length 16
17:41:42.574159 IP 10.0.0.1.12345 > 10.0.0.2.12345: UDP, length 16
17:41:42.574791 IP 10.0.0.1.12345 > 10.0.0.2.12345: UDP, length 16
17:41:42.575423 IP 10.0.0.1.12345 > 10.0.0.2.12345: UDP, length 16
17:41:42.576054 IP 10.0.0.1.12345 > 10.0.0.2.12345: UDP, length 16
17:41:42.576687 IP 10.0.0.1.12345 > 10.0.0.2.12345: UDP, length 16
17:41:42.577319 IP 10.0.0.1.12345 > 10.0.0.2.12345: UDP, length 16
17:41:42.577950 IP 10.0.0.1.12345 > 10.0.0.2.12345: UDP, length 16
17:41:42.578582 IP 10.0.0.1.12345 > 10.0.0.2.12345: UDP, length 16
17:41:42.579214 IP 10.0.0.1.12345 > 10.0.0.2.12345: UDP, length 16
17:41:42.579847 IP 10.0.0.1.12345 > 10.0.0.2.12345: UDP, length 16
17:41:42.580482 IP 10.0.0.1.12345 > 10.0.0.2.12345: UDP, length 16
17:41:42.581114 IP 10.0.0.1.12345 > 10.0.0.2.12345: UDP, length 16
17:41:42.581746 IP 10.0.0.1.12345 > 10.0.0.2.12345: UDP, length 16
17:41:42.582377 IP 10.0.0.1.12345 > 10.0.0.2.12345: UDP, length 16
17:41:42.583008 IP 10.0.0.1.12345 > 10.0.0.2.12345: UDP, length 16
17:41:42.583640 IP 10.0.0.1.12345 > 10.0.0.2.12345: UDP, length 16
17:41:42.584283 IP 10.0.0.1.12345 > 10.0.0.2.12345: UDP, length 16
17:41:42.584916 IP 10.0.0.1.12345 > 10.0.0.2.12345: UDP, length 16
17:41:42.585547 IP 10.0.0.1.12345 > 10.0.0.2.12345: UDP, length 16
17:41:42.586180 IP 10.0.0.1.12345 > 10.0.0.2.12345: UDP, length 16
17:41:42.586801 IP 10.0.0.1.12345 > 10.0.0.2.12345: UDP, length 16
17:41:42.587404 IP 10.0.0.1.12345 > 10.0.0.2.12345: UDP, length 16
17:41:42.588011 IP 10.0.0.1.12345 > 10.0.0.2.12345: UDP, length 16
17:41:42.588640 IP 10.0.0.1.12345 > 10.0.0.2.12345: UDP, length 16
17:41:42.589259 IP 10.0.0.1.12345 > 10.0.0.2.12345: UDP, length 16
17:41:42.589882 IP 10.0.0.1.12345 > 10.0.0.2.12345: UDP, length 16
17:41:42.590504 IP 10.0.0.1.12345 > 10.0.0.2.12345: UDP, length 16
17:41:42.591116 IP 10.0.0.1.12345 > 10.0.0.2.12345: UDP, length 16
17:41:42.591726 IP 10.0.0.1.12345 > 10.0.0.2.12345: UDP, length 16
17:41:42.592320 IP 10.0.0.1.12345 > 10.0.0.2.12345: UDP, length 16
17:41:42.592930 IP 10.0.0.1.12345 > 10.0.0.2.12345: UDP, length 16
17:41:42.593539 IP 10.0.0.1.12345 > 10.0.0.2.12345: UDP, length 16
17:41:42.594170 IP 10.0.0.1.12345 > 10.0.0.2.12345: UDP, length 16
17:41:42.594803 IP 10.0.0.1.12345 > 10.0.0.2.12345: UDP, length 16
17:41:42.595436 IP 10.0.0.1.12345 > 10.0.0.2.12345: UDP, length 16
17:41:42.596077 IP 10.0.0.1.12345 > 10.0.0.2.12345: UDP, length 16
17:41:42.596711 IP 10.0.0.1.12345 > 10.0.0.2.12345: UDP, length 16
17:41:42.597349 IP 10.0.0.1.12345 > 10.0.0.2.12345: UDP, length 16
17:41:42.597966 IP 10.0.0.1.12345 > 10.0.0.2.12345: UDP, length 16
17:41:42.598583 IP 10.0.0.1.12345 > 10.0.0.2.12345: UDP, length 16
17:41:42.599200 IP 10.0.0.1.12345 > 10.0.0.2.12345: UDP, length 16
17:41:42.599817 IP 10.0.0.1.12345 > 10.0.0.2.12345: UDP, length 16
17:41:42.600412 IP 10.0.0.1.12345 > 10.0.0.2.12345: UDP, length 16
17:41:42.601029 IP 10.0.0.1.12345 > 10.0.0.2.12345: UDP, length 16
17:41:42.601646 IP 10.0.0.1.12345 > 10.0.0.2.12345: UDP, length 16
17:41:42.602264 IP 10.0.0.1.12345 > 10.0.0.2.12345: UDP, length 16
17:41:42.602881 IP 10.0.0.1.12345 > 10.0.0.2.12345: UDP, length 16
17:41:42.603478 IP 10.0.0.1.12345 > 10.0.0.2.12345: UDP, length 16
17:41:42.604082 IP 10.0.0.1.12345 > 10.0.0.2.12345: UDP, length 16
17:41:42.604675 IP 10.0.0.1.12345 > 10.0.0.2.12345: UDP, length 16
17:41:42.605253 IP 10.0.0.1.12345 > 10.0.0.2.12345: UDP, length 16
17:41:42.605785 IP 10.0.0.1.12345 > 10.0.0.2.12345: UDP, length 16
17:41:42.606363 IP 10.0.0.1.12345 > 10.0.0.2.12345: UDP, length 16
17:41:42.606940 IP 10.0.0.1.12345 > 10.0.0.2.12345: UDP, length 16
17:41:42.607542 IP 10.0.0.1.12345 > 10.0.0.2.12345: UDP, length 16
17:41:42.608118 IP 10.0.0.1.12345 > 10.0.0.2.12345: UDP, length 16
17:41:42.608729 IP 10.0.0.1.12345 > 10.0.0.2.12345: UDP, length 16
17:41:42.609344 IP 10.0.0.1.12345 > 10.0.0.2.12345: UDP, length 16
17:41:42.609928 IP 10.0.0.1.12345 > 10.0.0.2.12345: UDP, length 16
17:41:42.610530 IP 10.0.0.1.12345 > 10.0.0.2.12345: UDP, length 16
17:41:42.611125 IP 10.0.0.1.12345 > 10.0.0.2.12345: UDP, length 16
17:41:42.611720 IP 10.0.0.1.12345 > 10.0.0.2.12345: UDP, length 16
17:41:42.612321 IP 10.0.0.1.12345 > 10.0.0.2.12345: UDP, length 16
17:41:42.612911 IP 10.0.0.1.12345 > 10.0.0.2.12345: UDP, length 16
17:41:42.613496 IP 10.0.0.1.12345 > 10.0.0.2.12345: UDP, length 16
17:41:42.614085 IP 10.0.0.1.12345 > 10.0.0.2.12345: UDP, length 16
17:41:42.614677 IP 10.0.0.1.12345 > 10.0.0.2.12345: UDP, length 16
17:41:42.615269 IP 10.0.0.1.12345 > 10.0.0.2.12345: UDP, length 16
17:41:42.615860 IP 10.0.0.1.12345 > 10.0.0.2.12345: UDP, length 16
17:41:42.616451 IP 10.0.0.1.12345 > 10.0.0.2.12345: UDP, length 16
17:41:42.617048 IP 10.0.0.1.12345 > 10.0.0.2.12345: UDP, length 16
17:41:42.617646 IP 10.0.0.1.12345 > 10.0.0.2.12345: UDP, length 16
17:41:42.618243 IP 10.0.0.1.12345 > 10.0.0.2.12345: UDP, length 16
17:41:42.618831 IP 10.0.0.1.12345 > 10.0.0.2.12345: UDP, length 16
17:41:42.619408 IP 10.0.0.1.12345 > 10.0.0.2.12345: UDP, length 16
17:41:42.619989 IP 10.0.0.1.12345 > 10.0.0.2.12345: UDP, length 16
17:41:42.620598 IP 10.0.0.1.12345 > 10.0.0.2.12345: UDP, length 16
17:41:42.621177 IP 10.0.0.1.12345 > 10.0.0.2.12345: UDP, length 16
17:41:42.621789 IP 10.0.0.1.12345 > 10.0.0.2.12345: UDP, length 16
17:41:42.622403 IP 10.0.0.1.12345 > 10.0.0.2.12345: UDP, length 16
17:41:42.623015 IP 10.0.0.1.12345 > 10.0.0.2.12345: UDP, length 16
17:41:42.623629 IP 10.0.0.1.12345 > 10.0.0.2.12345: UDP, length 16
17:41:42.624245 IP 10.0.0.1.12345 > 10.0.0.2.12345: UDP, length 16
17:41:42.624861 IP 10.0.0.1.12345 > 10.0.0.2.12345: UDP, length 16
17:41:42.625474 IP 10.0.0.1.12345 > 10.0.0.2.12345: UDP, length 16
17:41:42.626087 IP 10.0.0.1.12345 > 10.0.0.2.12345: UDP, length 16
17:41:42.626701 IP 10.0.0.1.12345 > 10.0.0.2.12345: UDP, length 16
17:41:42.627313 IP 10.0.0.1.12345 > 10.0.0.2.12345: UDP, length 16
17:41:42.627856 IP 10.0.0.1.12345 > 10.0.0.2.12345: UDP, length 16
17:41:42.628468 IP 10.0.0.1.12345 > 10.0.0.2.12345: UDP, length 16
17:41:42.629083 IP 10.0.0.1.12345 > 10.0.0.2.12345: UDP, length 16
17:41:42.629696 IP 10.0.0.1.12345 > 10.0.0.2.12345: UDP, length 16
17:41:42.630309 IP 10.0.0.1.12345 > 10.0.0.2.12345: UDP, length 16
17:41:42.630922 IP 10.0.0.1.12345 > 10.0.0.2.12345: UDP, length 16

