17:41:42.322727 IP 10.0.0.1.12345 > 10.0.0.2.12345: UDP, length 16
17:41:42.323075 IP 10.0.0.1.12345 > 10.0.0.2.12345: UDP, length 16
17:41:42.323686 IP 10.0.0.1.12345 > 10.0.0.2.12345: UDP, length 16
17:41:42.324319 IP 10.0.0.1.12345 > 10.0.0.2.12345: UDP, length 16
17:41:42.324926 IP 10.0.0.1.12345 > 10.0.0.2.12345: UDP, length 16
17:41:42.325561 IP 10.0.0.1.12345 > 10.0.0.2.12345: UDP, length 16
17:41:42.326189 IP 10.0.0.1.12345 > 10.0.0.2.12345: UDP, length 16
17:41:42.326804 IP 10.0.0.1.12345 > 10.0.0.2.12345: UDP, length 16
17:41:42.327412 IP 10.0.0.1.12345 > 10.0.0.2.12345: UDP, length 16
17:41:42.328017 IP 10.0.0.1.12345 > 10.0.0.2.12345: UDP, length 16
17:41:42.328623 IP 10.0.0.1.12345 > 10.0.0.2.12345: UDP, length 16
17:41:42.329259 IP 10.0.0.1.12345 > 10.0.0.2.12345: UDP, length 16
17:41:42.329898 IP 10.0.0.1.12345 > 10.0.0.2.12345: UDP, length 16
17:41:42.330537 IP 10.0.0.1.12345 > 10.0.0.2.12345: UDP, length 16
17:41:42.331148 IP 10.0.0.1.12345 > 10.0.0.2.12345: UDP, length 16
17:41:42.331785 IP 10.0.0.1.12345 > 10.0.0.2.12345: UDP, length 16
17:41:42.332370 IP 10.0.0.1.12345 > 10.0.0.2.12345: UDP, length 16
17:41:42.333007 IP 10.0.0.1.12345 > 10.0.0.2.12345: UDP, length 16
17:41:42.333625 IP 10.0.0.1.12345 > 10.0.0.2.12345: UDP, length 16
17:41:42.334248 IP 10.0.0.1.12345 > 10.0.0.2.12345: UDP, length 16
17:41:42.334872 IP 10.0.0.1.12345 > 10.0.0.2.12345: UDP, length 16
17:41:42.335525 IP 10.0.0.1.12345 > 10.0.0.2.12345: UDP, length 16
17:41:42.336175 IP 10.0.0.1.12345 > 10.0.0.2.12345: UDP, length 16
17:41:42.336792 IP 10.0.0.1.12345 > 10.0.0.2.12345: UDP, length 16
17:41:42.337438 IP 10.0.0.1.12345 > 10.0.0.2.12345: UDP, length 16
17:41:42.338087 IP 10.0.0.1.12345 > 10.0.0.2.12345: UDP, length 16
17:41:42.338738 IP 10.0.0.1.12345 > 10.0.0.2.12345: UDP, length 16
17:41:42.339388 IP 10.0.0.1.12345 > 10.0.0.2.12345: UDP, length 16
17:41:42.340038 IP 10.0.0.1.12345 > 10.0.0.2.12345: UDP, length 16
17:41:42.340658 IP 10.0.0.1.12345 > 10.0.0.2.12345: UDP, length 16
17:41:42.341304 IP 10.0.0.1.12345 > 10.0.0.2.12345: UDP, length 16
17:41:42.341953 IP 10.0.0.1.12345 > 10.0.0.2.12345: UDP, length 16
17:41:42.342603 IP 10.0.0.1.12345 > 10.0.0.2.12345: UDP, length 16
17:41:42.343252 IP 10.0.0.1.12345 > 10.0.0.2.12345: UDP, length 16
17:41:42.343902 IP 10.0.0.1.12345 > 10.0.0.2.12345: UDP, length 16
17:41:42.344523 IP 10.0.0.1.12345 > 10.0.0.2.12345: UDP, length 16
17:41:42.345171 IP 10.0.0.1.12345 > 10.0.0.2.12345: UDP, length 16
17:41:42.345823 IP 10.0.0.1.12345 > 10.0.0.2.12345: UDP, length 16
17:41:42.346461 IP 10.0.0.1.12345 > 10.0.0.2.12345: UDP, length 16
17:41:42.347113 IP 10.0.0.1.12345 > 10.0.0.2.12345: UDP, length 16
17:41:42.347766 IP 10.0.0.1.12345 > 10.0.0.2.12345: UDP, length 16
17:41:42.348390 IP 10.0.0.1.12345 > 10.0.0.2.12345: UDP, length 16
17:41:42.349042 IP 10.0.0.1.12345 > 10.0.0.2.12345: UDP, length 16
17:41:42.349693 IP 10.0.0.1.12345 > 10.0.0.2.12345: UDP, length 16
17:41:42.350335 IP 10.0.0.1.12345 > 10.0.0.2.12345: UDP, length 16
17:41:42.350992 IP 10.0.0.1.12345 > 10.0.0.2.12345: UDP, length 16
17:41:42.351645 IP 10.0.0.1.12345 > 10.0.0.2.12345: UDP, length 16
17:41:42.352299 IP 10.0.0.1.12345 > 10.0.0.2.12345: UDP, length 16
17:41:42.352951 IP 10.0.0.1.12345 > 10.0.0.2.12345: UDP, length 16
17:41:42.353603 IP 10.0.0.1.12345 > 10.0.0.2.12345: UDP, length 16
17:41:42.354255 IP 10.0.0.1.12345 > 10.0.0.2.12345: UDP, length 16
17:41:42.354906 IP 10.0.0.1.12345 > 10.0.0.2.12345: UDP, length 16
17:41:42.355558 IP 10.0.0.1.12345 > 10.0.0.2.12345: UDP, length 16
17:41:42.356210 IP 10.0.0.1.12345 > 10.0.0.2.12345: UDP, length 16
17:41:42.356906 IP 10.0.0.1.12345 > 10.0.0.2.12345: UDP, length 16
17:41:42.357557 IP 10.0.0.1.12345 > 10.0.0.2.12345: UDP, length 16
17:41:42.358208 IP 10.0.0.1.12345 > 10.0.0.2.12345: UDP, length 16
17:41:42.358861 IP 10.0.0.1.12345 > 10.0.0.2.12345: UDP, length 16
17:41:42.359511 IP 10.0.0.1.12345 > 10.0.0.2.12345: UDP, length 16
17:41:42.360149 IP 10.0.0.1.12345 > 10.0.0.2.12345: UDP, length 16
17:41:42.360762 IP 10.0.0.1.12345 > 10.0.0.2.12345: UDP, length 16
17:41:42.361377 IP 10.0.0.1.12345 > 10.0.0.2.12345: UDP, length 16
17:41:42.361963 IP 10.0.0.1.12345 > 10.0.0.2.12345: UDP, length 16
17:41:42.362571 IP 10.0.0.1.12345 > 10.0.0.2.12345: UDP, length 16
17:41:42.363162 IP 10.0.0.1.12345 > 10.0.0.2.12345: UDP, length 16
17:41:42.363775 IP 10.0.0.1.12345 > 10.0.0.2.12345: UDP, length 16
17:41:42.364359 IP 10.0.0.1.12345 > 10.0.0.2.12345: UDP, length 16
17:41:42.364969 IP 10.0.0.1.12345 > 10.0.0.2.12345: UDP, length 16
17:41:42.365589 IP 10.0.0.1.12345 > 10.0.0.2.12345: UDP, length 16
17:41:42.366207 IP 10.0.0.1.12345 > 10.0.0.2.12345: UDP, length 16
17:41:42.366842 IP 10.0.0.1.12345 > 10.0.0.2.12345: UDP, length 16
17:41:42.367458 IP 10.0.0.1.12345 > 10.0.0.2.12345: UDP, length 16
17:41:42.368052 IP 10.0.0.1.12345 > 10.0.0.2.12345: UDP, length 16
17:41:42.368639 IP 10.0.0.1.12345 > 10.0.0.2.12345: UDP, length 16
17:41:42.369224 IP 10.0.0.1.12345 > 10.0.0.2.12345: UDP, length 16
17:41:42.369805 IP 10.0.0.1.12345 > 10.0.0.2.12345: UDP, length 16
17:41:42.370388 IP 10.0.0.1.12345 > 10.0.0.2.12345: UDP, length 16
17:41:42.370968 IP 10.0.0.1.12345 > 10.0.0.2.12345: UDP, length 16
17:41:42.371547 IP 10.0.0.1.12345 > 10.0.0.2.12345: UDP, length 16
17:41:42.372127 IP 10.0.0.1.12345 > 10.0.0.2.12345: UDP, length 16
17:41:42.372723 IP 10.0.0.1.12345 > 10.0.0.2.12345: UDP, length 16
17:41:42.373355 IP 10.0.0.1.12345 > 10.0.0.2.12345: UDP, length 16
17:41:42.373991 IP 10.0.0.1.12345 > 10.0.0.2.12345: UDP, length 16
17:41:42.374625 IP 10.0.0.1.12345 > 10.0.0.2.12345: UDP, length 16
17:41:42.375261 IP 10.0.0.1.12345 > 10.0.0.2.12345: UDP, length 16
17:41:42.375895 IP 10.0.0.1.12345 > 10.0.0.2.12345: UDP, length 16
17:41:42.376479 IP 10.0.0.1.12345 > 10.0.0.2.12345: UDP, length 16
17:41:42.377074 IP 10.0.0.1.12345 > 10.0.0.2.12345: UDP, length 16
17:41:42.377666 IP 10.0.0.1.12345 > 10.0.0.2.12345: UDP, length 16
17:41:42.378257 IP 10.0.0.1.12345 > 10.0.0.2.12345: UDP, length 16
17:41:42.378859 IP 10.0.0.1.12345 > 10.0.0.2.12345: UDP, length 16
17:41:42.379483 IP 10.0.0.1.12345 > 10.0.0.2.12345: UDP, length 16
17:41:42.380106 IP 10.0.0.1.12345 > 10.0.0.2.12345: UDP, length 16
17:41:42.380688 IP 10.0.0.1.12345 > 10.0.0.2.12345: UDP, length 16
17:41:42.381300 IP 10.0.0.1.12345 > 10.0.0.2.12345: UDP, length 16
17:41:42.381912 IP 10.0.0.1.12345 > 10.0.0.2.12345: UDP, length 16
17:41:42.382509 IP 10.0.0.1.12345 > 10.0.0.2.12345: UDP, length 16
17:41:42.383106 IP 10.0.0.1.12345 > 10.0.0.2.12345: UDP, length 16
17:41:42.383698 IP 10.0.0.1.12345 > 10.0.0.2.12345: UDP, length 16
17:41:42.384916 IP 10.0.0.1.12345 > 10.0.0.2.12345: UDP, length 16
17:41:42.385484 IP 10.0.0.1.12345 > 10.0.0.2.12345: UDP, length 16
17:41:42.386061 IP 10.0.0.1.12345 > 10.0.0.2.12345: UDP, length 16
17:41:42.386649 IP 10.0.0.1.12345 > 10.0.0.2.12345: UDP, length 16
17:41:42.387227 IP 10.0.0.1.12345 > 10.0.0.2.12345: UDP, length 16
17:41:42.387805 IP 10.0.0.1.12345 > 10.0.0.2.12345: UDP, length 16
17:41:42.388367 IP 10.0.0.1.12345 > 10.0.0.2.12345: UDP, length 16
17:41:42.388958 IP 10.0.0.1.12345 > 10.0.0.2.12345: UDP, length 16
17:41:42.389535 IP 10.0.0.1.12345 > 10.0.0.2.12345: UDP, length 16
17:41:42.390130 IP 10.0.0.1.12345 > 10.0.0.2.12345: UDP, length 16
17:41:42.390727 IP 10.0.0.1.12345 > 10.0.0.2.12345: UDP, length 16
17:41:42.391311 IP 10.0.0.1.12345 > 10.0.0.2.12345: UDP, length 16
17:41:42.391937 IP 10.0.0.1.12345 > 10.0.0.2.12345: UDP, length 16
17:41:42.392535 IP 10.0.0.1.12345 > 10.0.0.2.12345: UDP, length 16
17:41:42.393146 IP 10.0.0.1.12345 > 10.0.0.2.12345: UDP, length 16
17:41:42.393760 IP 10.0.0.1.12345 > 10.0.0.2.12345: UDP, length 16
17:41:42.394372 IP 10.0.0.1.12345 > 10.0.0.2.12345: UDP, length 16
17:41:42.394985 IP 10.0.0.1.12345 > 10.0.0.2.12345: UDP, length 16
17:41:42.395594 IP 10.0.0.1.12345 > 10.0.0.2.12345: UDP, length 16
17:41:42.396209 IP 10.0.0.1.12345 > 10.0.0.2.12345: UDP, length 16
17:41:42.396823 IP 10.0.0.1.12345 > 10.0.0.2.12345: UDP, length 16
17:41:42.397436 IP 10.0.0.1.12345 > 10.0.0.2.12345: UDP, length 16
17:41:42.398056 IP 10.0.0.1.12345 > 10.0.0.2.12345: UDP, length 16
17:41:42.398668 IP 10.0.0.1.12345 > 10.0.0.2.12345: UDP, length 16
17:41:42.399281 IP 10.0.0.1.12345 > 10.0.0.2.12345: UDP, length 16
17:41:42.399893 IP 10.0.0.1.12345 > 10.0.0.2.12345: UDP, length 16
17:41:42.400506 IP 10.0.0.1.12345 > 10.0.0.2.12345: UDP, length 16
17:41:42.401126 IP 10.0.0.1.12345 > 10.0.0.2.12345: UDP, length 16
17:41:42.401748 IP 10.0.0.1.12345 > 10.0.0.2.12345: UDP, length 16
17:41:42.402372 IP 10.0.0.1.12345 > 10.0.0.2.12345: UDP, length 16
17:41:42.402995 IP 10.0.0.1.12345 > 10.0.0.2.12345: UDP, length 16
17:41:42.403617 IP 10.0.0.1.12345 > 10.0.0.2.12345: UDP, length 16
17:41:42.404265 IP 10.0.0.1.12345 > 10.0.0.2.12345: UDP, length 16
17:41:42.404888 IP 10.0.0.1.12345 > 10.0.0.2.12345: UDP, length 16
17:41:42.405512 IP 10.0.0.1.12345 > 10.0.0.2.12345: UDP, length 16
17:41:42.406134 IP 10.0.0.1.12345 > 10.0.0.2.12345: UDP, length 16
17:41:42.406757 IP 10.0.0.1.12345 > 10.0.0.2.12345: UDP, length 16
17:41:42.407379 IP 10.0.0.1.12345 > 10.0.0.2.12345: UDP, length 16
17:41:42.408002 IP 10.0.0.1.12345 > 10.0.0.2.12345: UDP, length 16
17:41:42.408627 IP 10.0.0.1.12345 > 10.0.0.2.12345: UDP, length 16
17:41:42.409249 IP 10.0.0.1.12345 > 10.0.0.2.12345: UDP, length 16
17:41:42.409873 IP 10.0.0.1.12345 > 10.0.0.2.12345: UDP, length 16
17:41:42.410496 IP 10.0.0.1.12345 > 10.0.0.2.12345: UDP, length 16
17:41:42.411119 IP 10.0.0.1.12345 > 10.0.0.2.12345: UDP, length 16
17:41:42.411744 IP 10.0.0.1.12345 > 10.0.0.2.12345: UDP, length 16
17:41:42.412377 IP 10.0.0.1.12345 > 10.0.0.2.12345: UDP, length 16
17:41:42.413004 IP 10.0.0.1.12345 > 10.0.0.2.12345: UDP, length 16
17:41:42.413629 IP 10.0.0.1.12345 > 10.0.0.2.12345: UDP, length 16
17:41:42.414255 IP 10.0.0.1.12345 > 10.0.0.2.12345: UDP, length 16
17:41:42.414886 IP 10.0.0.1.12345 > 10.0.0.2.12345: UDP, length 16
17:41:42.415517 IP 10.0.0.1.12345 > 10.0.0.2.12345: UDP, length 16
17:41:42.416149 IP 10.0.0.1.12345 > 10.0.0.2.12345: UDP, length 16
17:41:42.416780 IP 10.0.0.1.12345 > 10.0.0.2.12345: UDP, length 16
17:41:42.417413 IP 10.0.0.1.12345 > 10.0.0.2.12345: UDP, length 16
17:41:42.418045 IP 10.0.0.1.12345 > 10.0.0.2.12345: UDP, length 16
17:41:42.418676 IP 10.0.0.1.12345 > 10.0.0.2.12345: UDP, length 16
17:41:42.419308 IP 10.0.0.1.12345 > 10.0.0.2.12345: UDP, length 16
17:41:42.419940 IP 10.0.0.1.12345 > 10.0.0.2.12345: UDP, length 16
17:41:42.420573 IP 10.0.0.1.12345 > 10.0.0.2.12345: UDP, length 16
17:41:42.421205 IP 10.0.0.1.12345 > 10.0.0.2.12345: UDP, length 16
17:41:42.421838 IP 10.0.0.1.12345 > 10.0.0.2.12345: UDP, length 16
17:41:42.422472 IP 10.0.0.1.12345 > 10.0.0.2.12345: UDP, length 16
17:41:42.423104 IP 10.0.0.1.12345 > 10.0.0.2.12345: UDP, length 16
17:41:42.423736 IP 10.0.0.1.12345 > 10.0.0.2.12345: UDP, length 16
17:41:42.424341 IP 10.0.0.1.12345 > 10.0.0.2.12345: UDP, length 16
17:41:42.424960 IP 10.0.0.1.12345 > 10.0.0.2.12345: UDP, length 16
17:41:42.425593 IP 10.0.0.1.12345 > 10.0.0.2.12345: UDP, length 16
17:41:42.426207 IP 10.0.0.1.12345 > 10.0.0.2.12345: UDP, length 16
17:41:42.426820 IP 10.0.0.1.12345 > 10.0.0.2.12345: UDP, length 16
17:41:42.427433 IP 10.0.0.1.12345 > 10.0.0.2.12345: UDP, length 16
17:41:42.428046 IP 10.0.0.1.12345 > 10.0.0.2.12345: UDP, length 16
17:41:42.428659 IP 10.0.0.1.12345 > 10.0.0.2.12345: UDP, length 16
17:41:42.429271 IP 10.0.0.1.12345 > 10.0.0.2.12345: UDP, length 16
17:41:42.429883 IP 10.0.0.1.12345 > 10.0.0.2.12345: UDP, length 16
17:41:42.430497 IP 10.0.0.1.12345 > 10.0.0.2.12345: UDP, length 16
17:41:42.431109 IP 10.0.0.1.12345 > 10.0.0.2.12345: UDP, length 16
17:41:42.431721 IP 10.0.0.1.12345 > 10.0.0.2.12345: UDP, length 16
17:41:42.432327 IP 10.0.0.1.12345 > 10.0.0.2.12345: UDP, length 16
17:41:42.432941 IP 10.0.0.1.12345 > 10.0.0.2.12345: UDP, length 16
17:41:42.433553 IP 10.0.0.1.12345 > 10.0.0.2.12345: UDP, length 16
17:41:42.434166 IP 10.0.0.1.12345 > 10.0.0.2.12345: UDP, length 16
17:41:42.434779 IP 10.0.0.1.12345 > 10.0.0.2.12345: UDP, length 16
17:41:42.435391 IP 10.0.0.1.12345 > 10.0.0.2.12345: UDP, length 16
17:41:42.436005 IP 10.0.0.1.12345 > 10.0.0.2.12345: UDP, length 16
17:41:42.436617 IP 10.0.0.1.12345 > 10.0.0.2.12345: UDP, length 16
17:41:42.437230 IP 10.0.0.1.12345 > 10.0.0.2.12345: UDP, length 16
17:41:42.437843 IP 10.0.0.1.12345 > 10.0.0.2.12345: UDP, length 16
17:41:42.438455 IP 10.0.0.1.12345 > 10.0.0.2.12345: UDP, length 16
17:41:42.439064 IP 10.0.0.1.12345 > 10.0.0.2.12345: UDP, length 16
17:41:42.439677 IP 10.0.0.1.12345 > 10.0.0.2.12345: UDP, length 16
17:41:42.440281 IP 10.0.0.1.12345 > 10.0.0.2.12345: UDP, length 16
17:41:42.440899 IP 10.0.0.1.12345 > 10.0.0.2.12345: UDP, length 16
17:41:42.441513 IP 10.0.0.1.12345 > 10.0.0.2.12345: UDP, length 16
17:41:42.442125 IP 10.0.0.1.12345 > 10.0.0.2.12345: UDP, length 16
17:41:42.442738 IP 10.0.0.1.12345 > 10.0.0.2.12345: UDP, length 16
17:41:42.443336 IP 10.0.0.1.12345 > 10.0.0.2.12345: UDP, length 16
17:41:42.443950 IP 10.0.0.1.12345 > 10.0.0.2.12345: UDP, length 16
17:41:42.444563 IP 10.0.0.1.12345 > 10.0.0.2.12345: UDP, length 16
17:41:42.445176 IP 10.0.0.1.12345 > 10.0.0.2.12345: UDP, length 16
17:41:42.445788 IP 10.0.0.1.12345 > 10.0.0.2.12345: UDP, length 16
17:41:42.446401 IP 10.0.0.1.12345 > 10.0.0.2.12345: UDP, length 16
17:41:42.447014 IP 10.0.0.1.12345 > 10.0.0.2.12345: UDP, length 16
17:41:42.447627 IP 10.0.0.1.12345 > 10.0.0.2.12345: UDP, length 16
17:41:42.448245 IP 10.0.0.1.12345 > 10.0.0.2.12345: UDP, length 16
17:41:42.448858 IP 10.0.0.1.12345 > 10.0.0.2.12345: UDP, length 16
17:41:42.449468 IP 10.0.0.1.12345 > 10.0.0.2.12345: UDP, length 16
17:41:42.450081 IP 10.0.0.1.12345 > 10.0.0.2.12345: UDP, length 16
17:41:42.450694 IP 10.0.0.1.12345 > 10.0.0.2.12345: UDP, length 16
17:41:42.451305 IP 10.0.0.1.12345 > 10.0.0.2.12345: UDP, length 16
17:41:42.451918 IP 10.0.0.1.12345 > 10.0.0.2.12345: UDP, length 16
17:41:42.452531 IP 10.0.0.1.12345 > 10.0.0.2.12345: UDP, length 16
17:41:42.453145 IP 10.0.0.1.12345 > 10.0.0.2.12345: UDP, length 16
17:41:42.453759 IP 10.0.0.1.12345 > 10.0.0.2.12345: UDP, length 16
17:41:42.454371 IP 10.0.0.1.12345 > 10.0.0.2.12345: UDP, length 16
17:41:42.454987 IP 10.0.0.1.12345 > 10.0.0.2.12345: UDP, length 16
17:41:42.455600 IP 10.0.0.1.12345 > 10.0.0.2.12345: UDP, length 16
17:41:42.456255 IP 10.0.0.1.12345 > 10.0.0.2.12345: UDP, length 16
17:41:42.456887 IP 10.0.0.1.12345 > 10.0.0.2.12345: UDP, length 16
17:41:42.457518 IP 10.0.0.1.12345 > 10.0.0.2.12345: UDP, length 16
17:41:42.458150 IP 10.0.0.1.12345 > 10.0.0.2.12345: UDP, length 16
17:41:42.458782 IP 10.0.0.1.12345 > 10.0.0.2.12345: UDP, length 16
17:41:42.459399 IP 10.0.0.1.12345 > 10.0.0.2.12345: UDP, length 16
17:41:42.460031 IP 10.0.0.1.12345 > 10.0.0.2.12345: UDP, length 16
17:41:42.460664 IP 10.0.0.1.12345 > 10.0.0.2.12345: UDP, length 16
17:41:42.461295 IP 10.0.0.1.12345 > 10.0.0.2.12345: UDP, length 16
17:41:42.461927 IP 10.0.0.1.12345 > 10.0.0.2.12345: UDP, length 16
17:41:42.462558 IP 10.0.0.1.12345 > 10.0.0.2.12345: UDP, length 16
17:41:42.463190 IP 10.0.0.1.12345 > 10.0.0.2.12345: UDP, length 16
17:41:42.463821 IP 10.0.0.1.12345 > 10.0.0.2.12345: UDP, length 16
17:41:42.464476 IP 10.0.0.1.12345 > 10.0.0.2.12345: UDP, length 16
17:41:42.465111 IP 10.0.0.1.12345 > 10.0.0.2.12345: UDP, length 16
17:41:42.465746 IP 10.0.0.1.12345 > 10.0.0.2.12345: UDP, length 16
17:41:42.466382 IP 10.0.0.1.12345 > 10.0.0.2.12345: UDP, length 16
17:41:42.467019 IP 10.0.0.1.12345 > 10.0.0.2.12345: UDP, length 16
17:41:42.467654 IP 10.0.0.1.12345 > 10.0.0.2.12345: UDP, length 16
17:41:42.468293 IP 10.0.0.1.12345 > 10.0.0.2.12345: UDP, length 16
17:41:42.468927 IP 10.0.0.1.12345 > 10.0.0.2.12345: UDP, length 16
17:41:42.469563 IP 10.0.0.1.12345 > 10.0.0.2.12345: UDP, length 16
17:41:42.470198 IP 10.0.0.1.12345 > 10.0.0.2.12345: UDP, length 16
17:41:42.470833 IP 10.0.0.1.12345 > 10.0.0.2.12345: UDP, length 16
17:41:42.471470 IP 10.0.0.1.12345 > 10.0.0.2.12345: UDP, length 16
17:41:42.472106 IP 10.0.0.1.12345 > 10.0.0.2.12345: UDP, length 16
17:41:42.472742 IP 10.0.0.1.12345 > 10.0.0.2.12345: UDP, length 16
17:41:42.473378 IP 10.0.0.1.12345 > 10.0.0.2.12345: UDP, length 16
17:41:42.474015 IP 10.0.0.1.12345 > 10.0.0.2.12345: UDP, length 16
17:41:42.474653 IP 10.0.0.1.12345 > 10.0.0.2.12345: UDP, length 16
17:41:42.475298 IP 10.0.0.1.12345 > 10.0.0.2.12345: UDP, length 16
17:41:42.475934 IP 10.0.0.1.12345 > 10.0.0.2.12345: UDP, length 16
17:41:42.476556 IP 10.0.0.1.12345 > 10.0.0.2.12345: UDP, length 16
17:41:42.477191 IP 10.0.0.1.12345 > 10.0.0.2.12345: UDP, length 16
17:41:42.477827 IP 10.0.0.1.12345 > 10.0.0.2.12345: UDP, length 16
17:41:42.478463 IP 10.0.0.1.12345 > 10.0.0.2.12345: UDP, length 16
17:41:42.479098 IP 10.0.0.1.12345 > 10.0.0.2.12345: UDP, length 16
17:41:42.479735 IP 10.0.0.1.12345 > 10.0.0.2.12345: UDP, length 16
17:41:42.480372 IP 10.0.0.1.12345 > 10.0.0.2.12345: UDP, length 16
17:41:42.481007 IP 10.0.0.1.12345 > 10.0.0.2.12345: UDP, length 16
17:41:42.481643 IP 10.0.0.1.12345 > 10.0.0.2.12345: UDP, length 16
17:41:42.482278 IP 10.0.0.1.12345 > 10.0.0.2.12345: UDP, length 16
17:41:42.482888 IP 10.0.0.1.12345 > 10.0.0.2.12345: UDP, length 16
17:41:42.483509 IP 10.0.0.1.12345 > 10.0.0.2.12345: UDP, length 16
17:41:42.484129 IP 10.0.0.1.12345 > 10.0.0.2.12345: UDP, length 16
17:41:42.484739 IP 10.0.0.1.12345 > 10.0.0.2.12345: UDP, length 16
17:41:42.485323 IP 10.0.0.1.12345 > 10.0.0.2.12345: UDP, length 16
17:41:42.485893 IP 10.0.0.1.12345 > 10.0.0.2.12345: UDP, length 16
17:41:42.486486 IP 10.0.0.1.12345 > 10.0.0.2.12345: UDP, length 16
17:41:42.487083 IP 10.0.0.1.12345 > 10.0.0.2.12345: UDP, length 16
17:41:42.487672 IP 10.0.0.1.12345 > 10.0.0.2.12345: UDP, length 16
17:41:42.488287 IP 10.0.0.1.12345 > 10.0.0.2.12345: UDP, length 16
17:41:42.488876 IP 10.0.0.1.12345 > 10.0.0.2.12345: UDP, length 16
17:41:42.489452 IP 10.0.0.1.12345 > 10.0.0.2.12345: UDP, length 16
17:41:42.490024 IP 10.0.0.1.12345 > 10.0.0.2.12345: UDP, length 16
17:41:42.490596 IP 10.0.0.1.12345 > 10.0.0.2.12345: UDP, length 16
17:41:42.491167 IP 10.0.0.1.12345 > 10.0.0.2.12345: UDP, length 16
17:41:42.491739 IP 10.0.0.1.12345 > 10.0.0.2.12345: UDP, length 16
17:41:42.492342 IP 10.0.0.1.12345 > 10.0.0.2.12345: UDP, length 16
17:41:42.492897 IP 10.0.0.1.12345 > 10.0.0.2.12345: UDP, length 16
17:41:42.493544 IP 10.0.0.1.12345 > 10.0.0.2.12345: UDP, length 16
17:41:42.494169 IP 10.0.0.1.12345 > 10.0.0.2.12345: UDP, length 16
17:41:42.494782 IP 10.0.0.1.12345 > 10.0.0.2.12345: UDP, length 16
17:41:42.495409 IP 10.0.0.1.12345 > 10.0.0.2.12345: UDP, length 16
17:41:42.496007 IP 10.0.0.1.12345 > 10.0.0.2.12345: UDP, length 16
17:41:42.496645 IP 10.0.0.1.12345 > 10.0.0.2.12345: UDP, length 16
17:41:42.497256 IP 10.0.0.1.12345 > 10.0.0.2.12345: UDP, length 16
17:41:42.497855 IP 10.0.0.1.12345 > 10.0.0.2.12345: UDP, length 16
17:41:42.498453 IP 10.0.0.1.12345 > 10.0.0.2.12345: UDP, length 16
17:41:42.499047 IP 10.0.0.1.12345 > 10.0.0.2.12345: UDP, length 16
17:41:42.499638 IP 10.0.0.1.12345 > 10.0.0.2.12345: UDP, length 16
17:41:42.500239 IP 10.0.0.1.12345 > 10.0.0.2.12345: UDP, length 16
17:41:42.500827 IP 10.0.0.1.12345 > 10.0.0.2.12345: UDP, length 16
17:41:42.501414 IP 10.0.0.1.12345 > 10.0.0.2.12345: UDP, length 16
17:41:42.502002 IP 10.0.0.1.12345 > 10.0.0.2.12345: UDP, length 16
17:41:42.502606 IP 10.0.0.1.12345 > 10.0.0.2.12345: UDP, length 16
17:41:42.503219 IP 10.0.0.1.12345 > 10.0.0.2.12345: UDP, length 16
17:41:42.503832 IP 10.0.0.1.12345 > 10.0.0.2.12345: UDP, length 16
17:41:42.504446 IP 10.0.0.1.12345 > 10.0.0.2.12345: UDP, length 16
17:41:42.505061 IP 10.0.0.1.12345 > 10.0.0.2.12345: UDP, length 16
17:41:42.505674 IP 10.0.0.1.12345 > 10.0.0.2.12345: UDP, length 16
17:41:42.506276 IP 10.0.0.1.12345 > 10.0.0.2.12345: UDP, length 16
17:41:42.506864 IP 10.0.0.1.12345 > 10.0.0.2.12345: UDP, length 16
17:41:42.507445 IP 10.0.0.1.12345 > 10.0.0.2.12345: UDP, length 16
17:41:42.508026 IP 10.0.0.1.12345 > 10.0.0.2.12345: UDP, length 16
17:41:42.508619 IP 10.0.0.1.12345 > 10.0.0.2.12345: UDP, length 16
17:41:42.509212 IP 10.0.0.1.12345 > 10.0.0.2.12345: UDP, length 16
17:41:42.509804 IP 10.0.0.1.12345 > 10.0.0.2.12345: UDP, length 16
17:41:42.510414 IP 10.0.0.1.12345 > 10.0.0.2.12345: UDP, length 16
17:41:42.511026 IP 10.0.0.1.12345 > 10.0.0.2.12345: UDP, length 16
17:41:42.511637 IP 10.0.0.1.12345 > 10.0.0.2.12345: UDP, length 16
17:41:42.512252 IP 10.0.0.1.12345 > 10.0.0.2.12345: UDP, length 16
17:41:42.512864 IP 10.0.0.1.12345 > 10.0.0.2.12345: UDP, length 16
17:41:42.513476 IP 10.0.0.1.12345 > 10.0.0.2.12345: UDP, length 16
17:41:42.514090 IP 10.0.0.1.12345 > 10.0.0.2.12345: UDP, length 16
17:41:42.514701 IP 10.0.0.1.12345 > 10.0.0.2.12345: UDP, length 16
17:41:42.515312 IP 10.0.0.1.12345 > 10.0.0.2.12345: UDP, length 16
17:41:42.515923 IP 10.0.0.1.12345 > 10.0.0.2.12345: UDP, length 16
17:41:42.516521 IP 10.0.0.1.12345 > 10.0.0.2.12345: UDP, length 16
17:41:42.517131 IP 10.0.0.1.12345 > 10.0.0.2.12345: UDP, length 16
17:41:42.517743 IP 10.0.0.1.12345 > 10.0.0.2.12345: UDP, length 16
17:41:42.518355 IP 10.0.0.1.12345 > 10.0.0.2.12345: UDP, length 16
17:41:42.518967 IP 10.0.0.1.12345 > 10.0.0.2.12345: UDP, length 16
17:41:42.519579 IP 10.0.0.1.12345 > 10.0.0.2.12345: UDP, length 16
17:41:42.520192 IP 10.0.0.1.12345 > 10.0.0.2.12345: UDP, length 16
17:41:42.520803 IP 10.0.0.1.12345 > 10.0.0.2.12345: UDP, length 16
17:41:42.521414 IP 10.0.0.1.12345 > 10.0.0.2.12345: UDP, length 16
17:41:42.522026 IP 10.0.0.1.12345 > 10.0.0.2.12345: UDP, length 16
17:41:42.522638 IP 10.0.0.1.12345 > 10.0.0.2.12345: UDP, length 16
17:41:42.523249 IP 10.0.0.1.12345 > 10.0.0.2.12345: UDP, length 16
17:41:42.523861 IP 10.0.0.1.12345 > 10.0.0.2.12345: UDP, length 16
17:41:42.524458 IP 10.0.0.1.12345 > 10.0.0.2.12345: UDP, length 16
17:41:42.525069 IP 10.0.0.1.12345 > 10.0.0.2.12345: UDP, length 16
17:41:42.525682 IP 10.0.0.1.12345 > 10.0.0.2.12345: UDP, length 16
17:41:42.526295 IP 10.0.0.1.12345 > 10.0.0.2.12345: UDP, length 16
17:41:42.526913 IP 10.0.0.1.12345 > 10.0.0.2.12345: UDP, length 16
17:41:42.527526 IP 10.0.0.1.12345 > 10.0.0.2.12345: UDP, length 16
17:41:42.528143 IP 10.0.0.1.12345 > 10.0.0.2.12345: UDP, length 16
17:41:42.528755 IP 10.0.0.1.12345 > 10.0.0.2.12345: UDP, length 16
17:41:42.529369 IP 10.0.0.1.12345 > 10.0.0.2.12345: UDP, length 16
17:41:42.529981 IP 10.0.0.1.12345 > 10.0.0.2.12345: UDP, length 16
17:41:42.530594 IP 10.0.0.1.12345 > 10.0.0.2.12345: UDP, length 16
17:41:42.531172 IP 10.0.0.1.12345 > 10.0.0.2.12345: UDP, length 16
17:41:42.531784 IP 10.0.0.1.12345 > 10.0.0.2.12345: UDP, length 16
17:41:42.532392 IP 10.0.0.1.12345 > 10.0.0.2.12345: UDP, length 16
17:41:42.532989 IP 10.0.0.1.12345 > 10.0.0.2.12345: UDP, length 16
17:41:42.533561 IP 10.0.0.1.12345 > 10.0.0.2.12345: UDP, length 16
17:41:42.534159 IP 10.0.0.1.12345 > 10.0.0.2.12345: UDP, length 16
17:41:42.534753 IP 10.0.0.1.12345 > 10.0.0.2.12345: UDP, length 16
17:41:42.535346 IP 10.0.0.1.12345 > 10.0.0.2.12345: UDP, length 16
17:41:42.535956 IP 10.0.0.1.12345 > 10.0.0.2.12345: UDP, length 16
17:41:42.536570 IP 10.0.0.1.12345 > 10.0.0.2.12345: UDP, length 16
17:41:42.537170 IP 10.0.0.1.12345 > 10.0.0.2.12345: UDP, length 16
17:41:42.537781 IP 10.0.0.1.12345 > 10.0.0.2.12345: UDP, length 16
17:41:42.538394 IP 10.0.0.1.12345 > 10.0.0.2.12345: UDP, length 16
17:41:42.539006 IP 10.0.0.1.12345 > 10.0.0.2.12345: UDP, length 16
17:41:42.539619 IP 10.0.0.1.12345 > 10.0.0.2.12345: UDP, length 16
17:41:42.540249 IP 10.0.0.1.12345 > 10.0.0.2.12345: UDP, length 16
17:41:42.540856 IP 10.0.0.1.12345 > 10.0.0.2.12345: UDP, length 16
17:41:42.541471 IP 10.0.0.1.12345 > 10.0.0.2.12345: UDP, length 16
17:41:42.542083 IP 10.0.0.1.12345 > 10.0.0.2.12345: UDP, length 16
17:41:42.542695 IP 10.0.0.1.12345 > 10.0.0.2.12345: UDP, length 16
17:41:42.543307 IP 10.0.0.1.12345 > 10.0.0.2.12345: UDP, length 16
17:41:42.543919 IP 10.0.0.1.12345 > 10.0.0.2.12345: UDP, length 16
17:41:42.544533 IP 10.0.0.1.12345 > 10.0.0.2.12345: UDP, length 16
17:41:42.545146 IP 10.0.0.1.12345 > 10.0.0.2.12345: UDP, length 16
17:41:42.545768 IP 10.0.0.1.12345 > 10.0.0.2.12345: UDP, length 16
17:41:42.546397 IP 10.0.0.1.12345 > 10.0.0.2.12345: UDP, length 16
17:41:42.547026 IP 10.0.0.1.12345 > 10.0.0.2.12345: UDP, length 16
17:41:42.547656 IP 10.0.0.1.12345 > 10.0.0.2.12345: UDP, length 16
17:41:42.548287 IP 10.0.0.1.12345 > 10.0.0.2.12345: UDP, length 16
17:41:42.548916 IP 10.0.0.1.12345 > 10.0.0.2.12345: UDP, length 16
17:41:42.549544 IP 10.0.0.1.12345 > 10.0.0.2.12345: UDP, length 16
17:41:42.550175 IP 10.0.0.1.12345 > 10.0.0.2.12345: UDP, length 16
17:41:42.550803 IP 10.0.0.1.12345 > 10.0.0.2.12345: UDP, length 16
17:41:42.551432 IP 10.0.0.1.12345 > 10.0.0.2.12345: UDP, length 16
17:41:42.552059 IP 10.0.0.1.12345 > 10.0.0.2.12345: UDP, length 16
17:41:42.552689 IP 10.0.0.1.12345 > 10.0.0.2.12345: UDP, length 16
17:41:42.553316 IP 10.0.0.1.12345 > 10.0.0.2.12345: UDP, length 16
17:41:42.553945 IP 10.0.0.1.12345 > 10.0.0.2.12345: UDP, length 16
17:41:42.554573 IP 10.0.0.1.12345 > 10.0.0.2.12345: UDP, length 16
17:41:42.555202 IP 10.0.0.1.12345 > 10.0.0.2.12345: UDP, length 16
17:41:42.555832 IP 10.0.0.1.12345 > 10.0.0.2.12345: UDP, length 16
17:41:42.556462 IP 10.0.0.1.12345 > 10.0.0.2.12345: UDP, length 16
17:41:42.557090 IP 10.0.0.1.12345 > 10.0.0.2.12345: UDP, length 16
17:41:42.557718 IP 10.0.0.1.12345 > 10.0.0.2.12345: UDP, length 16
17:41:42.558347 IP 10.0.0.1.12345 > 10.0.0.2.12345: UDP, length 16
17:41:42.558975 IP 10.0.0.1.12345 > 10.0.0.2.12345: UDP, length 16
17:41:42.559604 IP 10.0.0.1.12345 > 10.0.0.2.12345: UDP, length 16
17:41:42.560259 IP 10.0.0.1.12345 > 10.0.0.2.12345: UDP, length 16
17:41:42.560890 IP 10.0.0.1.12345 > 10.0.0.2.12345: UDP, length 16
17:41:42.561518 IP 10.0.0.1.12345 > 10.0.0.2.12345: UDP, length 16
17:41:42.562150 IP 10.0.0.1.12345 > 10.0.0.2.12345: UDP, length 16
17:41:42.562782 IP 10.0.0.1.12345 > 10.0.0.2.12345: UDP, length 16
17:41:42.563414 IP 10.0.0.1.12345 > 10.0.0.2.12345: UDP, length 16
17:41:42.564045 IP 10.0.0.1.12345 > 10.0.0.2.12345: UDP, length 16
17:41:42.564678 IP 10.0.0.1.12345 > 10.0.0.2.12345: UDP, length 16
17:41:42.565310 IP 10.0.0.1.12345 > 10.0.0.2.12345: UDP, length 16
17:41:42.565943 IP 10.0.0.1.12345 > 10.0.0.2.12345: UDP, length 16
17:41:42.566576 IP 10.0.0.1.12345 > 10.0.0.2.12345: UDP, length 16
17:41:42.567207 IP 10.0.0.1.12345 > 10.0.0.2.12345: UDP, length 16
17:41:42.567843 IP 10.0.0.1.12345 > 10.0.0.2.12345: UDP, length 16
17:41:42.568475 IP 10.0.0.1.12345 > 10.0.0.2.12345: UDP, length 16
17:41:42.569107 IP 10.0.0.1.12345 > 10.0.0.2.12345: UDP, length 16
17:41:42.569738 IP 10.0.0.1.12345 > 10.0.0.2.12345: UDP, length 16
17:41:42.570370 IP 10.0.0.1.12345 > 10.0.0.2.12345: UDP, length 16
17:41:42.571001 IP 10.0.0.1.12345 > 10.0.0.2.12345: UDP, length 16
17:41:42.571634 IP 10.0.0.1.12345 > 10.0.0.2.12345: UDP, length 16
17:41:42.572269 IP 10.0.0.1.12345 > 10.0.0.2.12345: UDP, length 16
17:41:42.572902 IP 10.0.0.1.12345 > 10.0.0.2.12345: UDP, length 16
17:41:42.573534 IP 10.0.0.1.12345 > 10.0.0.2.12345: UDP, length 16
17:41:42.574165 IP 10.0.0.1.12345 > 10.0.0.2.12345: UDP, length 16
17:41:42.574797 IP 10.0.0.1.12345 > 10.0.0.2.12345: UDP, length 16
17:41:42.575429 IP 10.0.0.1.12345 > 10.0.0.2.12345: UDP, length 16
17:41:42.576061 IP 10.0.0.1.12345 > 10.0.0.2.12345: UDP, length 16
17:41:42.576693 IP 10.0.0.1.12345 > 10.0.0.2.12345: UDP, length 16
17:41:42.577325 IP 10.0.0.1.12345 > 10.0.0.2.12345: UDP, length 16
17:41:42.577957 IP 10.0.0.1.12345 > 10.0.0.2.12345: UDP, length 16
17:41:42.578589 IP 10.0.0.1.12345 > 10.0.0.2.12345: UDP, length 16
17:41:42.579221 IP 10.0.0.1.12345 > 10.0.0.2.12345: UDP, length 16
17:41:42.579854 IP 10.0.0.1.12345 > 10.0.0.2.12345: UDP, length 16
17:41:42.580488 IP 10.0.0.1.12345 > 10.0.0.2.12345: UDP, length 16
17:41:42.581120 IP 10.0.0.1.12345 > 10.0.0.2.12345: UDP, length 16
17:41:42.581752 IP 10.0.0.1.12345 > 10.0.0.2.12345: UDP, length 16
17:41:42.582384 IP 10.0.0.1.12345 > 10.0.0.2.12345: UDP, length 16
17:41:42.583015 IP 10.0.0.1.12345 > 10.0.0.2.12345: UDP, length 16
17:41:42.583647 IP 10.0.0.1.12345 > 10.0.0.2.12345: UDP, length 16
17:41:42.584289 IP 10.0.0.1.12345 > 10.0.0.2.12345: UDP, length 16
17:41:42.584922 IP 10.0.0.1.12345 > 10.0.0.2.12345: UDP, length 16
17:41:42.585553 IP 10.0.0.1.12345 > 10.0.0.2.12345: UDP, length 16
17:41:42.586186 IP 10.0.0.1.12345 > 10.0.0.2.12345: UDP, length 16
17:41:42.586808 IP 10.0.0.1.12345 > 10.0.0.2.12345: UDP, length 16
17:41:42.587409 IP 10.0.0.1.12345 > 10.0.0.2.12345: UDP, length 16
17:41:42.588016 IP 10.0.0.1.12345 > 10.0.0.2.12345: UDP, length 16
17:41:42.588646 IP 10.0.0.1.12345 > 10.0.0.2.12345: UDP, length 16
17:41:42.589266 IP 10.0.0.1.12345 > 10.0.0.2.12345: UDP, length 16
17:41:42.589890 IP 10.0.0.1.12345 > 10.0.0.2.12345: UDP, length 16
17:41:42.590510 IP 10.0.0.1.12345 > 10.0.0.2.12345: UDP, length 16
17:41:42.591121 IP 10.0.0.1.12345 > 10.0.0.2.12345: UDP, length 16
17:41:42.591731 IP 10.0.0.1.12345 > 10.0.0.2.12345: UDP, length 16
17:41:42.592325 IP 10.0.0.1.12345 > 10.0.0.2.12345: UDP, length 16
17:41:42.592935 IP 10.0.0.1.12345 > 10.0.0.2.12345: UDP, length 16
17:41:42.593544 IP 10.0.0.1.12345 > 10.0.0.2.12345: UDP, length 16
17:41:42.594176 IP 10.0.0.1.12345 > 10.0.0.2.12345: UDP, length 16
17:41:42.594809 IP 10.0.0.1.12345 > 10.0.0.2.12345: UDP, length 16
17:41:42.595442 IP 10.0.0.1.12345 > 10.0.0.2.12345: UDP, length 16
17:41:42.596084 IP 10.0.0.1.12345 > 10.0.0.2.12345: UDP, length 16
17:41:42.596717 IP 10.0.0.1.12345 > 10.0.0.2.12345: UDP, length 16
17:41:42.597356 IP 10.0.0.1.12345 > 10.0.0.2.12345: UDP, length 16
17:41:42.597972 IP 10.0.0.1.12345 > 10.0.0.2.12345: UDP, length 16
17:41:42.598590 IP 10.0.0.1.12345 > 10.0.0.2.12345: UDP, length 16
17:41:42.599206 IP 10.0.0.1.12345 > 10.0.0.2.12345: UDP, length 16
17:41:42.599824 IP 10.0.0.1.12345 > 10.0.0.2.12345: UDP, length 16
17:41:42.600419 IP 10.0.0.1.12345 > 10.0.0.2.12345: UDP, length 16
17:41:42.601036 IP 10.0.0.1.12345 > 10.0.0.2.12345: UDP, length 16
17:41:42.601652 IP 10.0.0.1.12345 > 10.0.0.2.12345: UDP, length 16
17:41:42.602271 IP 10.0.0.1.12345 > 10.0.0.2.12345: UDP, length 16
17:41:42.602888 IP 10.0.0.1.12345 > 10.0.0.2.12345: UDP, length 16
17:41:42.603484 IP 10.0.0.1.12345 > 10.0.0.2.12345: UDP, length 16
17:41:42.604091 IP 10.0.0.1.12345 > 10.0.0.2.12345: UDP, length 16
17:41:42.604681 IP 10.0.0.1.12345 > 10.0.0.2.12345: UDP, length 16
17:41:42.605256 IP 10.0.0.1.12345 > 10.0.0.2.12345: UDP, length 16
17:41:42.605788 IP 10.0.0.1.12345 > 10.0.0.2.12345: UDP, length 16
17:41:42.606366 IP 10.0.0.1.12345 > 10.0.0.2.12345: UDP, length 16
17:41:42.606943 IP 10.0.0.1.12345 > 10.0.0.2.12345: UDP, length 16
17:41:42.607547 IP 10.0.0.1.12345 > 10.0.0.2.12345: UDP, length 16
17:41:42.608121 IP 10.0.0.1.12345 > 10.0.0.2.12345: UDP, length 16
17:41:42.608733 IP 10.0.0.1.12345 > 10.0.0.2.12345: UDP, length 16
17:41:42.609349 IP 10.0.0.1.12345 > 10.0.0.2.12345: UDP, length 16
17:41:42.609933 IP 10.0.0.1.12345 > 10.0.0.2.12345: UDP, length 16
17:41:42.610534 IP 10.0.0.1.12345 > 10.0.0.2.12345: UDP, length 16
17:41:42.611128 IP 10.0.0.1.12345 > 10.0.0.2.12345: UDP, length 16
17:41:42.611724 IP 10.0.0.1.12345 > 10.0.0.2.12345: UDP, length 16
17:41:42.612325 IP 10.0.0.1.12345 > 10.0.0.2.12345: UDP, length 16
17:41:42.612916 IP 10.0.0.1.12345 > 10.0.0.2.12345: UDP, length 16
17:41:42.613498 IP 10.0.0.1.12345 > 10.0.0.2.12345: UDP, length 16
17:41:42.614089 IP 10.0.0.1.12345 > 10.0.0.2.12345: UDP, length 16
17:41:42.614680 IP 10.0.0.1.12345 > 10.0.0.2.12345: UDP, length 16
17:41:42.615272 IP 10.0.0.1.12345 > 10.0.0.2.12345: UDP, length 16
17:41:42.615863 IP 10.0.0.1.12345 > 10.0.0.2.12345: UDP, length 16
17:41:42.616455 IP 10.0.0.1.12345 > 10.0.0.2.12345: UDP, length 16
17:41:42.617051 IP 10.0.0.1.12345 > 10.0.0.2.12345: UDP, length 16
17:41:42.617650 IP 10.0.0.1.12345 > 10.0.0.2.12345: UDP, length 16
17:41:42.618246 IP 10.0.0.1.12345 > 10.0.0.2.12345: UDP, length 16
17:41:42.618837 IP 10.0.0.1.12345 > 10.0.0.2.12345: UDP, length 16
17:41:42.619411 IP 10.0.0.1.12345 > 10.0.0.2.12345: UDP, length 16
17:41:42.619991 IP 10.0.0.1.12345 > 10.0.0.2.12345: UDP, length 16
17:41:42.620603 IP 10.0.0.1.12345 > 10.0.0.2.12345: UDP, length 16
17:41:42.621181 IP 10.0.0.1.12345 > 10.0.0.2.12345: UDP, length 16
17:41:42.621794 IP 10.0.0.1.12345 > 10.0.0.2.12345: UDP, length 16
17:41:42.622407 IP 10.0.0.1.12345 > 10.0.0.2.12345: UDP, length 16
17:41:42.623020 IP 10.0.0.1.12345 > 10.0.0.2.12345: UDP, length 16
17:41:42.623633 IP 10.0.0.1.12345 > 10.0.0.2.12345: UDP, length 16
17:41:42.624250 IP 10.0.0.1.12345 > 10.0.0.2.12345: UDP, length 16
17:41:42.624865 IP 10.0.0.1.12345 > 10.0.0.2.12345: UDP, length 16
17:41:42.625478 IP 10.0.0.1.12345 > 10.0.0.2.12345: UDP, length 16
17:41:42.626091 IP 10.0.0.1.12345 > 10.0.0.2.12345: UDP, length 16
17:41:42.626705 IP 10.0.0.1.12345 > 10.0.0.2.12345: UDP, length 16
17:41:42.627318 IP 10.0.0.1.12345 > 10.0.0.2.12345: UDP, length 16
17:41:42.627859 IP 10.0.0.1.12345 > 10.0.0.2.12345: UDP, length 16
17:41:42.628472 IP 10.0.0.1.12345 > 10.0.0.2.12345: UDP, length 16
17:41:42.629087 IP 10.0.0.1.12345 > 10.0.0.2.12345: UDP, length 16
17:41:42.629701 IP 10.0.0.1.12345 > 10.0.0.2.12345: UDP, length 16
17:41:42.630314 IP 10.0.0.1.12345 > 10.0.0.2.12345: UDP, length 16
17:41:42.630927 IP 10.0.0.1.12345 > 10.0.0.2.12345: UDP, length 16

